time	rpm	volt	inp	pwm	raw
0.0	8.58	7.54	50	62.83	28.61
0.02	3.63	7.54	50	62.83	-7.92
0.04	12.69	7.54	50	62.83	33.83
0.06	21.33	7.54	50	62.83	41.49
0.08	28.52	7.54	50	62.83	45.3
0.1	33.93	7.54	50	62.83	46.55
0.12	38.1	7.54	50	62.83	47.84
0.14	41.01	7.54	50	62.83	47.8
0.16	43.23	7.54	50	62.83	48.4
0.18	44.83	7.54	50	62.83	48.55
0.2	45.93	7.54	50	62.83	48.5
0.22	46.69	7.54	50	62.83	48.47
0.24	47.19	7.54	50	62.83	48.36
0.26	47.6	7.54	50	62.83	48.56
0.28	47.87	7.54	50	62.83	48.49
0.3	48.07	7.54	50	62.83	48.54
0.32	48.17	7.54	50	62.83	48.4
0.34	48.26	7.54	50	62.83	48.46
0.36	48.31	7.54	50	62.83	48.42
0.38	48.37	7.54	50	62.83	48.51
0.4	48.4	7.54	50	62.83	48.48
0.42	48.61	7.54	50	62.83	49.11
0.44	48.76	7.54	50	62.83	49.11
0.46	48.87	7.54	50	62.83	49.13
0.48	48.75	7.54	50	62.83	48.45
0.5	49.04	7.54	50	62.83	49.74
0.52	49.07	7.54	50	62.83	49.12
0.54	49.08	7.54	50	62.83	49.1
0.56	49.08	7.54	50	62.83	49.1
0.58	49.09	7.54	50	62.83	49.1
0.6	49.1	7.54	50	62.83	49.12
0.62	49.29	7.54	50	62.83	49.75
0.64	49.24	7.54	50	62.83	49.11
0.66	49.37	7.54	50	62.83	49.69
0.68	49.3	7.54	50	62.83	49.15
0.7	49.44	7.54	50	62.83	49.75
0.72	49.73	7.54	50	62.83	50.4
0.74	49.92	7.54	50	62.83	50.38
0.76	50.05	7.54	50	62.83	50.34
0.78	50.16	7.54	50	62.83	50.4
0.8	50.41	7.54	50	62.83	51.0
0.82	50.4	7.54	50	62.83	50.37
0.84	50.59	7.54	50	62.83	51.04
0.86	50.72	7.54	50	62.83	51.03
0.88	50.63	7.54	50	62.83	50.4
0.9	50.93	7.54	50	62.83	51.65
0.92	50.96	7.54	50	62.83	51.03
0.94	50.98	7.54	50	62.83	51.02
0.96	50.97	7.54	50	62.83	50.95
0.98	51.0	7.54	50	62.83	51.06
1.0	51.01	0.6	25	5.0	51.03
1.02	50.56	0.6	25	5.0	49.52
1.04	49.56	0.6	25	5.0	47.23
1.06	47.7	0.6	25	5.0	43.35
1.08	45.67	0.6	25	5.0	40.94
1.1	43.46	0.6	25	5.0	38.29
1.12	41.33	0.6	25	5.0	36.38
1.14	38.88	0.6	25	5.0	33.17
1.16	36.58	0.6	25	5.0	31.22
1.18	34.43	0.6	25	5.0	29.41
1.2	32.31	0.6	25	5.0	27.37
1.22	30.46	0.6	25	5.0	26.15
1.24	28.58	0.6	25	5.0	24.19
1.26	27.09	0.6	25	5.0	23.61
1.28	25.67	0.6	25	5.0	22.34
1.3	24.47	0.6	25	5.0	21.67
1.32	23.64	0.6	25	5.0	21.72
1.34	23.07	0.6	25	5.0	21.73
1.36	22.64	0.6	25	5.0	21.65
1.38	22.36	0.6	25	5.0	21.71
1.4	22.15	0.6	25	5.0	21.65
1.42	22.01	0.6	25	5.0	21.69
1.44	21.91	0.6	25	5.0	21.68
1.46	21.65	0.6	25	5.0	21.05
1.48	21.66	0.6	25	5.0	21.69
1.5	21.67	0.6	25	5.0	21.69
1.52	21.48	0.6	25	5.0	21.05
1.54	21.54	0.6	25	5.0	21.68
1.56	21.4	0.6	25	5.0	21.08
1.58	21.47	0.6	25	5.0	21.64
1.6	21.54	0.6	25	5.0	21.69
1.62	21.39	0.6	25	5.0	21.04
1.64	21.29	0.6	25	5.0	21.05
1.66	21.4	0.6	25	5.0	21.67
1.68	21.3	0.6	25	5.0	21.06
1.7	21.41	0.6	25	5.0	21.68
1.72	21.31	0.6	25	5.0	21.06
1.74	21.43	0.6	25	5.0	21.71
1.76	21.3	0.6	25	5.0	21.0
1.78	21.41	0.6	25	5.0	21.68
1.8	21.31	0.6	25	5.0	21.06
1.82	21.23	0.6	25	5.0	21.05
1.84	21.36	0.6	25	5.0	21.68
1.86	21.27	0.6	25	5.0	21.03
1.88	21.39	0.6	25	5.0	21.69
1.9	21.3	0.6	25	5.0	21.09
1.92	21.4	0.6	25	5.0	21.64
1.94	21.3	0.6	25	5.0	21.05
1.96	21.41	0.6	25	5.0	21.68
1.98	21.31	0.6	25	5.0	21.06
2.0	21.61	7.54	50	62.83	22.31
2.02	23.88	7.54	50	62.83	29.19
2.04	28.77	7.54	50	62.83	40.18
2.06	33.73	7.54	50	62.83	45.28
2.08	37.8	7.54	50	62.83	47.3
2.1	41.04	7.54	50	62.83	48.62
2.12	43.45	7.54	50	62.83	49.07
2.14	45.53	7.54	50	62.83	50.39
2.16	46.79	7.54	50	62.83	49.72
2.18	47.85	7.54	50	62.83	50.32
2.2	48.63	7.54	50	62.83	50.47
2.22	49.16	7.54	50	62.83	50.37
2.24	49.49	7.54	50	62.83	50.28
2.26	49.98	7.54	50	62.83	51.1
2.28	50.09	7.54	50	62.83	50.34
2.3	50.37	7.54	50	62.83	51.04
2.32	50.59	7.54	50	62.83	51.09
2.34	50.51	7.54	50	62.83	50.34
2.36	50.67	7.54	50	62.83	51.02
2.38	50.78	7.54	50	62.83	51.04
2.4	50.86	7.54	50	62.83	51.07
2.42	50.71	7.54	50	62.83	50.33
2.44	50.8	7.54	50	62.83	51.01
2.46	50.51	7.54	50	62.83	49.85
2.48	50.63	7.54	50	62.83	50.91
2.5	50.56	7.54	50	62.83	50.39
2.52	50.32	7.54	50	62.83	49.75
2.54	50.33	7.54	50	62.83	50.36
2.56	50.35	7.54	50	62.83	50.4
2.58	50.34	7.54	50	62.83	50.32
2.6	50.37	7.54	50	62.83	50.43
2.62	50.57	7.54	50	62.83	51.03
2.64	50.32	7.54	50	62.83	49.74
2.66	50.53	7.54	50	62.83	51.02
2.68	50.48	7.54	50	62.83	50.37
2.7	50.44	7.54	50	62.83	50.34
2.72	50.47	7.54	50	62.83	50.54
2.74	50.42	7.54	50	62.83	50.29
2.76	50.4	7.54	50	62.83	50.36
2.78	50.4	7.54	50	62.83	50.39
2.8	50.33	7.54	50	62.83	50.18
2.82	50.21	7.54	50	62.83	49.94
2.84	50.26	7.54	50	62.83	50.37
2.86	50.3	7.54	50	62.83	50.39
2.88	50.16	7.54	50	62.83	49.85
2.9	49.99	7.54	50	62.83	49.58
2.92	49.94	7.54	50	62.83	49.82
2.94	49.88	7.54	50	62.83	49.75
2.96	49.64	7.54	50	62.83	49.09
2.98	49.67	7.54	50	62.83	49.74
3.0	49.61	0.6	25	5.0	49.48
3.02	49.06	0.6	25	5.0	47.76
3.04	47.67	0.6	25	5.0	44.44
3.06	45.8	0.6	25	5.0	41.45
3.08	43.67	0.6	25	5.0	38.69
3.1	41.24	0.6	25	5.0	35.57
3.12	38.87	0.6	25	5.0	33.32
3.14	36.26	0.6	25	5.0	30.16
3.16	33.99	0.6	25	5.0	28.69
3.18	31.63	0.6	25	5.0	26.15
3.2	29.59	0.6	25	5.0	24.81
3.22	27.63	0.6	25	5.0	23.05
3.24	26.29	0.6	25	5.0	23.18
3.26	25.11	0.6	25	5.0	22.36
3.28	24.28	0.6	25	5.0	22.33
3.3	23.65	0.6	25	5.0	22.2
3.32	23.1	0.6	25	5.0	21.8
3.34	22.86	0.6	25	5.0	22.32
3.36	22.69	0.6	25	5.0	22.28
3.38	22.55	0.6	25	5.0	22.21
3.4	22.32	0.6	25	5.0	21.8
3.42	22.12	0.6	25	5.0	21.66
3.44	22.26	0.6	25	5.0	22.58
3.46	22.26	0.6	25	5.0	22.25
3.48	22.14	0.6	25	5.0	21.85
3.5	22.22	0.6	25	5.0	22.41
3.52	22.24	0.6	25	5.0	22.28
3.54	22.16	0.6	25	5.0	21.97
3.56	22.01	0.6	25	5.0	21.67
3.58	22.11	0.6	25	5.0	22.32
3.6	22.37	0.6	25	5.0	22.97
3.62	22.54	0.6	25	5.0	22.94
3.64	22.58	0.6	25	5.0	22.69
3.66	22.5	0.6	25	5.0	22.31
3.68	22.45	0.6	25	5.0	22.33
3.7	22.41	0.6	25	5.0	22.33
3.72	22.2	0.6	25	5.0	21.69
3.74	22.32	0.6	25	5.0	22.6
3.76	22.3	0.6	25	5.0	22.26
3.78	22.13	0.6	25	5.0	21.73
3.8	22.0	0.6	25	5.0	21.68
3.82	22.08	0.6	25	5.0	22.27
3.84	22.08	0.6	25	5.0	22.09
3.86	21.96	0.6	25	5.0	21.68
3.88	22.06	0.6	25	5.0	22.28
3.9	22.16	0.6	25	5.0	22.4
3.92	22.0	0.6	25	5.0	21.63
3.94	21.99	0.6	25	5.0	21.95
3.96	22.1	0.6	25	5.0	22.36
3.98	21.98	0.6	25	5.0	21.7
4.0	22.08	7.54	50	62.83	22.31
4.02	24.15	7.54	50	62.83	28.98
4.04	28.53	7.54	50	62.83	38.75
4.06	32.83	7.54	50	62.83	42.87
4.08	36.74	7.54	50	62.83	45.86
4.1	39.91	7.54	50	62.83	47.3
4.12	42.13	7.54	50	62.83	47.32
4.14	44.0	7.54	50	62.83	48.35
4.16	45.15	7.54	50	62.83	47.84
4.18	46.15	7.54	50	62.83	48.47
4.2	46.85	7.54	50	62.83	48.5
4.22	47.52	7.54	50	62.83	49.06
4.24	47.8	7.54	50	62.83	48.47
4.26	48.03	7.54	50	62.83	48.56
4.28	48.18	7.54	50	62.83	48.52
4.3	48.43	7.54	50	62.83	49.01
4.32	48.23	7.54	50	62.83	47.77
4.34	48.51	7.54	50	62.83	49.17
4.36	48.5	7.54	50	62.83	48.47
4.38	48.69	7.54	50	62.83	49.13
4.4	48.81	7.54	50	62.83	49.08
4.42	48.9	7.54	50	62.83	49.12
4.44	48.97	7.54	50	62.83	49.14
4.46	49.01	7.54	50	62.83	49.11
4.48	48.86	7.54	50	62.83	48.5
4.5	48.91	7.54	50	62.83	49.04
4.52	48.74	7.54	50	62.83	48.34
4.54	48.67	7.54	50	62.83	48.51
4.56	48.55	7.54	50	62.83	48.28
4.58	48.77	7.54	50	62.83	49.28
4.6	48.92	7.54	50	62.83	49.26
4.62	49.12	7.54	50	62.83	49.6
4.64	49.19	7.54	50	62.83	49.35
4.66	49.21	7.54	50	62.83	49.25
4.68	49.23	7.54	50	62.83	49.29
4.7	49.07	7.54	50	62.83	48.7
4.72	49.08	7.54	50	62.83	49.09
4.74	49.06	7.54	50	62.83	49.03
4.76	48.87	7.54	50	62.83	48.43
4.78	48.97	7.54	50	62.83	49.2
4.8	49.0	7.54	50	62.83	49.08
4.82	49.04	7.54	50	62.83	49.12
4.84	49.06	7.54	50	62.83	49.13
4.86	48.94	7.54	50	62.83	48.64
4.88	48.74	7.54	50	62.83	48.29
4.9	48.87	7.54	50	62.83	49.16
4.92	48.73	7.54	50	62.83	48.4
4.94	48.83	7.54	50	62.83	49.08
4.96	48.71	7.54	50	62.83	48.43
4.98	48.66	7.54	50	62.83	48.52
5.0	48.79	0.6	25	5.0	49.1
5.02	48.31	0.6	25	5.0	47.2
5.04	46.93	0.6	25	5.0	43.71
5.06	45.23	0.6	25	5.0	41.27
5.08	43.03	0.6	25	5.0	37.89
5.1	40.57	0.6	25	5.0	34.84
5.12	38.2	0.6	25	5.0	32.67
5.14	35.64	0.6	25	5.0	29.65
5.16	33.56	0.6	25	5.0	28.73
5.18	31.34	0.6	25	5.0	26.16
5.2	29.57	0.6	25	5.0	25.44
5.22	27.99	0.6	25	5.0	24.28
5.24	26.47	0.6	25	5.0	22.93
5.26	25.43	0.6	25	5.0	23.0
5.28	24.48	0.6	25	5.0	22.29
5.3	23.82	0.6	25	5.0	22.26
5.32	23.39	0.6	25	5.0	22.39
5.34	23.03	0.6	25	5.0	22.21
5.36	22.78	0.6	25	5.0	22.19
5.38	22.62	0.6	25	5.0	22.26
5.4	22.55	0.6	25	5.0	22.38
5.42	22.48	0.6	25	5.0	22.32
5.44	22.44	0.6	25	5.0	22.33
5.46	22.4	0.6	25	5.0	22.33
5.48	22.37	0.6	25	5.0	22.31
5.5	22.36	0.6	25	5.0	22.33
5.52	22.54	0.6	25	5.0	22.96
5.54	22.48	0.6	25	5.0	22.33
5.56	22.43	0.6	25	5.0	22.32
5.58	22.41	0.6	25	5.0	22.35
5.6	22.56	0.6	25	5.0	22.93
5.62	22.48	0.6	25	5.0	22.29
5.64	22.44	0.6	25	5.0	22.35
5.66	22.59	0.6	25	5.0	22.93
5.68	22.51	0.6	25	5.0	22.33
5.7	22.46	0.6	25	5.0	22.33
5.72	22.58	0.6	25	5.0	22.87
5.74	22.51	0.6	25	5.0	22.34
5.76	22.67	0.6	25	5.0	23.03
5.78	22.73	0.6	25	5.0	22.87
5.8	22.64	0.6	25	5.0	22.42
5.82	22.73	0.6	25	5.0	22.94
5.84	22.61	0.6	25	5.0	22.34
5.86	22.69	0.6	25	5.0	22.88
5.88	22.8	0.6	25	5.0	23.05
5.9	22.84	0.6	25	5.0	22.94
5.92	23.07	0.6	25	5.0	23.61
5.94	23.03	0.6	25	5.0	22.92
5.96	23.21	0.6	25	5.0	23.64
5.98	23.32	0.6	25	5.0	23.57
6.0	23.42	7.54	50	62.83	23.67
6.02	25.31	7.54	50	62.83	29.7
6.04	29.45	7.54	50	62.83	39.12
6.06	33.75	7.54	50	62.83	43.76
6.08	37.81	7.54	50	62.83	47.3
6.1	41.15	7.54	50	62.83	48.94
6.12	43.37	7.54	50	62.83	48.55
6.14	45.3	7.54	50	62.83	49.81
6.16	46.6	7.54	50	62.83	49.64
6.18	47.66	7.54	50	62.83	50.12
6.2	48.54	7.54	50	62.83	50.61
6.22	48.91	7.54	50	62.83	49.76
6.24	49.51	7.54	50	62.83	50.92
6.26	49.66	7.54	50	62.83	50.0
6.28	49.68	7.54	50	62.83	49.72
6.3	49.86	7.54	50	62.83	50.29
6.32	49.69	7.54	50	62.83	49.29
6.34	49.52	7.54	50	62.83	49.1
6.36	49.34	7.54	50	62.83	48.95
6.38	49.1	7.54	50	62.83	48.52
6.4	48.94	7.54	50	62.83	48.57
6.42	48.76	7.54	50	62.83	48.33
6.44	48.7	7.54	50	62.83	48.56
6.46	48.45	7.54	50	62.83	47.88
6.48	48.26	7.54	50	62.83	47.81
6.5	48.14	7.54	50	62.83	47.85
6.52	47.89	7.54	50	62.83	47.31
6.54	47.85	7.54	50	62.83	47.76
6.56	47.82	7.54	50	62.83	47.75
6.58	47.81	7.54	50	62.83	47.8
6.6	47.64	7.54	50	62.83	47.23
6.62	47.68	7.54	50	62.83	47.78
6.64	47.55	7.54	50	62.83	47.24
6.66	47.5	7.54	50	62.83	47.39
6.68	47.39	7.54	50	62.83	47.14
6.7	47.29	7.54	50	62.83	47.04
6.72	47.42	7.54	50	62.83	47.72
6.74	47.21	7.54	50	62.83	46.73
6.76	47.4	7.54	50	62.83	47.84
6.78	47.34	7.54	50	62.83	47.19
6.8	47.49	7.54	50	62.83	47.83
6.82	47.59	7.54	50	62.83	47.84
6.84	47.84	7.54	50	62.83	48.42
6.86	47.84	7.54	50	62.83	47.85
6.88	47.82	7.54	50	62.83	47.75
6.9	48.04	7.54	50	62.83	48.58
6.92	48.14	7.54	50	62.83	48.38
6.94	48.27	7.54	50	62.83	48.55
6.96	48.13	7.54	50	62.83	47.8
6.98	48.35	7.54	50	62.83	48.86
7.0	48.27	0.6	25	5.0	48.07
7.02	48.08	0.6	25	5.0	47.63
7.04	47.01	0.6	25	5.0	44.52
7.06	45.24	0.6	25	5.0	41.11
7.08	43.46	0.6	25	5.0	39.3
7.1	41.39	0.6	25	5.0	36.55
7.12	39.26	0.6	25	5.0	34.29
7.14	37.08	0.6	25	5.0	31.99
7.16	35.04	0.6	25	5.0	30.3
7.18	33.13	0.6	25	5.0	28.66
7.2	31.43	0.6	25	5.0	27.47
7.22	29.84	0.6	25	5.0	26.12
7.24	28.34	0.6	25	5.0	24.85
7.26	27.22	0.6	25	5.0	24.62
7.28	26.14	0.6	25	5.0	23.61
7.3	25.38	0.6	25	5.0	23.62
7.32	24.83	0.6	25	5.0	23.53
7.34	24.47	0.6	25	5.0	23.63
7.36	24.02	0.6	25	5.0	22.98
7.38	23.88	0.6	25	5.0	23.56
7.4	23.6	0.6	25	5.0	22.94
7.42	23.42	0.6	25	5.0	23.02
7.44	23.47	0.6	25	5.0	23.59
7.46	23.3	0.6	25	5.0	22.9
7.48	23.41	0.6	25	5.0	23.67
7.5	23.28	0.6	25	5.0	22.95
7.52	23.35	0.6	25	5.0	23.52
7.54	23.26	0.6	25	5.0	23.05
7.56	23.35	0.6	25	5.0	23.56
7.58	23.23	0.6	25	5.0	22.95
7.6	23.35	0.6	25	5.0	23.63
7.62	23.42	0.6	25	5.0	23.59
7.64	23.29	0.6	25	5.0	22.97
7.66	23.37	0.6	25	5.0	23.56
7.68	23.25	0.6	25	5.0	22.98
7.7	23.17	0.6	25	5.0	22.97
7.72	23.1	0.6	25	5.0	22.96
7.74	22.85	0.6	25	5.0	22.27
7.76	22.88	0.6	25	5.0	22.95
7.78	22.93	0.6	25	5.0	23.03
7.8	22.75	0.6	25	5.0	22.33
7.82	22.78	0.6	25	5.0	22.86
7.84	22.67	0.6	25	5.0	22.41
7.86	22.76	0.6	25	5.0	22.98
7.88	22.82	0.6	25	5.0	22.96
7.9	22.66	0.6	25	5.0	22.29
7.92	22.76	0.6	25	5.0	22.98
7.94	22.62	0.6	25	5.0	22.31
7.96	22.51	0.6	25	5.0	22.25
7.98	22.48	0.6	25	5.0	22.4
8.0	22.6	7.54	50	62.83	22.89
8.02	24.33	7.54	50	62.83	28.38
8.04	28.84	7.54	50	62.83	39.36
8.06	33.2	7.54	50	62.83	43.35
8.08	37.15	7.54	50	62.83	46.39
8.1	40.25	7.54	50	62.83	47.48
8.12	42.51	7.54	50	62.83	47.79
8.14	44.3	7.54	50	62.83	48.48
8.16	45.58	7.54	50	62.83	48.55
8.18	46.43	7.54	50	62.83	48.43
8.2	46.88	7.54	50	62.83	47.93
8.22	47.14	7.54	50	62.83	47.74
8.24	47.5	7.54	50	62.83	48.35
8.26	47.46	7.54	50	62.83	47.35
8.28	47.58	7.54	50	62.83	47.86
8.3	47.65	7.54	50	62.83	47.81
8.32	47.71	7.54	50	62.83	47.85
8.34	47.54	7.54	50	62.83	47.14
8.36	47.63	7.54	50	62.83	47.85
8.38	47.51	7.54	50	62.83	47.23
8.4	47.58	7.54	50	62.83	47.76
8.42	47.69	7.54	50	62.83	47.94
8.44	47.52	7.54	50	62.83	47.12
8.46	47.64	7.54	50	62.83	47.91
8.48	47.67	7.54	50	62.83	47.76
8.5	47.93	7.54	50	62.83	48.53
8.52	47.89	7.54	50	62.83	47.8
8.54	48.24	7.54	50	62.83	49.05
8.56	48.35	7.54	50	62.83	48.6
8.58	48.54	7.54	50	62.83	49.0
8.6	48.74	7.54	50	62.83	49.19
8.62	49.01	7.54	50	62.83	49.66
8.64	49.05	7.54	50	62.83	49.12
8.66	49.27	7.54	50	62.83	49.78
8.68	49.37	7.54	50	62.83	49.61
8.7	49.53	7.54	50	62.83	49.91
8.72	49.58	7.54	50	62.83	49.68
8.74	49.63	7.54	50	62.83	49.75
8.76	49.67	7.54	50	62.83	49.78
8.78	49.66	7.54	50	62.83	49.63
8.8	49.72	7.54	50	62.83	49.87
8.82	49.72	7.54	50	62.83	49.72
8.84	49.73	7.54	50	62.83	49.75
8.86	49.74	7.54	50	62.83	49.76
8.88	49.71	7.54	50	62.83	49.66
8.9	49.76	7.54	50	62.83	49.87
8.92	49.89	7.54	50	62.83	50.2
8.94	49.89	7.54	50	62.83	49.9
8.96	49.84	7.54	50	62.83	49.72
8.98	49.81	7.54	50	62.83	49.75
9.0	49.8	0.6	25	5.0	49.75
9.02	49.39	0.6	25	5.0	48.44
9.04	48.08	0.6	25	5.0	45.01
9.06	46.52	0.6	25	5.0	42.88
9.08	44.59	0.6	25	5.0	40.08
9.1	42.71	0.6	25	5.0	38.32
9.12	40.6	0.6	25	5.0	35.68
9.14	38.74	0.6	25	5.0	34.42
9.16	36.71	0.6	25	5.0	31.95
9.18	34.86	0.6	25	5.0	30.53
9.2	33.04	0.6	25	5.0	28.8
9.22	31.33	0.6	25	5.0	27.34
9.24	29.58	0.6	25	5.0	25.5
9.26	28.38	0.6	25	5.0	25.58
9.28	27.14	0.6	25	5.0	24.23
9.3	26.07	0.6	25	5.0	23.59
9.32	25.12	0.6	25	5.0	22.91
9.34	24.3	0.6	25	5.0	22.39
9.36	23.89	0.6	25	5.0	22.93
9.38	23.43	0.6	25	5.0	22.35
9.4	22.91	0.6	25	5.0	21.69
9.42	22.71	0.6	25	5.0	22.26
9.44	22.61	0.6	25	5.0	22.36
9.46	22.51	0.6	25	5.0	22.28
9.48	22.28	0.6	25	5.0	21.73
9.5	22.28	0.6	25	5.0	22.28
9.52	22.11	0.6	25	5.0	21.73
9.54	21.98	0.6	25	5.0	21.67
9.56	21.89	0.6	25	5.0	21.67
9.58	22.03	0.6	25	5.0	22.37
9.6	21.92	0.6	25	5.0	21.65
9.62	21.86	0.6	25	5.0	21.73
9.64	21.79	0.6	25	5.0	21.63
9.66	21.76	0.6	25	5.0	21.69
9.68	21.74	0.6	25	5.0	21.7
9.7	21.71	0.6	25	5.0	21.64
9.72	21.73	0.6	25	5.0	21.76
9.74	21.51	0.6	25	5.0	20.99
9.76	21.57	0.6	25	5.0	21.72
9.78	21.6	0.6	25	5.0	21.67
9.8	21.62	0.6	25	5.0	21.68
9.82	21.62	0.6	25	5.0	21.6
9.84	21.85	0.6	25	5.0	22.41
9.86	21.81	0.6	25	5.0	21.7
9.88	21.96	0.6	25	5.0	22.3
9.9	21.87	0.6	25	5.0	21.66
9.92	22.01	0.6	25	5.0	22.35
9.94	21.9	0.6	25	5.0	21.63
9.96	22.02	0.6	25	5.0	22.32
9.98	21.93	0.6	25	5.0	21.71
10.0	22.05	7.54	50	62.83	22.34
10.02	23.78	7.54	50	62.83	27.81
10.04	28.38	7.54	50	62.83	39.1
10.06	33.12	7.54	50	62.83	44.19
10.08	37.12	7.54	50	62.83	46.45
10.1	40.18	7.54	50	62.83	47.34
10.12	42.67	7.54	50	62.83	48.46
10.14	44.43	7.54	50	62.83	48.55
10.16	45.61	7.54	50	62.83	48.35
10.18	46.5	7.54	50	62.83	48.57
10.2	47.07	7.54	50	62.83	48.41
10.22	47.7	7.54	50	62.83	49.18
10.24	47.88	7.54	50	62.83	48.29
10.26	48.12	7.54	50	62.83	48.68
10.28	48.23	7.54	50	62.83	48.48
10.3	48.08	7.54	50	62.83	47.75
10.32	48.21	7.54	50	62.83	48.52
10.34	48.29	7.54	50	62.83	48.48
10.36	48.15	7.54	50	62.83	47.8
10.38	48.25	7.54	50	62.83	48.5
10.4	48.31	7.54	50	62.83	48.44
10.42	48.51	7.54	50	62.83	48.97
10.44	48.34	7.54	50	62.83	47.95
10.46	48.39	7.54	50	62.83	48.52
10.48	48.6	7.54	50	62.83	49.06
time	rpm	volt	inp	pwm	raw
0.0	8.59	7.54	50	62.83	28.64
0.02	3.84	7.54	50	62.83	-7.26
0.04	12.65	7.54	50	62.83	33.2
0.06	21.49	7.54	50	62.83	42.13
0.08	28.82	7.54	50	62.83	45.93
0.1	34.34	7.54	50	62.83	47.21
0.12	38.38	7.54	50	62.83	47.82
0.14	41.6	7.54	50	62.83	49.1
0.16	43.84	7.54	50	62.83	49.08
0.18	45.44	7.54	50	62.83	49.16
0.2	46.55	7.54	50	62.83	49.15
0.22	47.49	7.54	50	62.83	49.7
0.24	48.15	7.54	50	62.83	49.68
0.26	48.46	7.54	50	62.83	49.19
0.28	48.85	7.54	50	62.83	49.74
0.3	48.96	7.54	50	62.83	49.22
0.32	48.97	7.54	50	62.83	48.98
0.34	49.2	7.54	50	62.83	49.76
0.36	48.98	7.54	50	62.83	48.47
0.38	49.02	7.54	50	62.83	49.1
0.4	49.05	7.54	50	62.83	49.12
0.42	49.05	7.54	50	62.83	49.07
0.44	48.88	7.54	50	62.83	48.47
0.46	48.95	7.54	50	62.83	49.11
0.48	48.81	7.54	50	62.83	48.49
0.5	48.9	7.54	50	62.83	49.1
0.52	48.76	7.54	50	62.83	48.45
0.54	48.88	7.54	50	62.83	49.14
0.56	48.75	7.54	50	62.83	48.47
0.58	48.67	7.54	50	62.83	48.47
0.6	48.8	7.54	50	62.83	49.11
0.62	48.7	7.54	50	62.83	48.46
0.64	48.63	7.54	50	62.83	48.49
0.66	48.57	7.54	50	62.83	48.41
0.68	48.55	7.54	50	62.83	48.51
0.7	48.72	7.54	50	62.83	49.12
0.72	48.82	7.54	50	62.83	49.05
0.74	48.92	7.54	50	62.83	49.16
0.76	49.16	7.54	50	62.83	49.71
0.78	49.34	7.54	50	62.83	49.78
0.8	49.66	7.54	50	62.83	50.39
0.82	49.67	7.54	50	62.83	49.68
0.84	49.69	7.54	50	62.83	49.76
0.86	49.71	7.54	50	62.83	49.74
0.88	49.82	7.54	50	62.83	50.07
0.9	49.84	7.54	50	62.83	49.9
0.92	50.0	7.54	50	62.83	50.36
0.94	49.96	7.54	50	62.83	49.89
0.96	50.11	7.54	50	62.83	50.45
0.98	50.19	7.54	50	62.83	50.38
1.0	50.28	0.6	25	5.0	50.49
1.02	50.0	0.6	25	5.0	49.33
1.04	48.78	0.6	25	5.0	45.93
1.06	46.96	0.6	25	5.0	42.74
1.08	44.77	0.6	25	5.0	39.65
1.1	42.46	0.6	25	5.0	37.08
1.12	40.25	0.6	25	5.0	35.09
1.14	37.94	0.6	25	5.0	32.53
1.16	35.74	0.6	25	5.0	30.6
1.18	33.44	0.6	25	5.0	28.07
1.2	31.63	0.6	25	5.0	27.43
1.22	29.8	0.6	25	5.0	25.53
1.24	28.13	0.6	25	5.0	24.21
1.26	26.57	0.6	25	5.0	22.92
1.28	25.49	0.6	25	5.0	22.99
1.3	24.54	0.6	25	5.0	22.31
1.32	23.88	0.6	25	5.0	22.33
1.34	23.41	0.6	25	5.0	22.32
1.36	22.89	0.6	25	5.0	21.69
1.38	22.72	0.6	25	5.0	22.32
1.4	22.42	0.6	25	5.0	21.73
1.42	22.38	0.6	25	5.0	22.27
1.44	22.36	0.6	25	5.0	22.32
1.46	22.16	0.6	25	5.0	21.67
1.48	22.21	0.6	25	5.0	22.33
1.5	22.24	0.6	25	5.0	22.33
1.52	22.07	0.6	25	5.0	21.65
1.54	22.14	0.6	25	5.0	22.32
1.56	22.2	0.6	25	5.0	22.35
1.58	22.25	0.6	25	5.0	22.34
1.6	22.26	0.6	25	5.0	22.31
1.62	22.28	0.6	25	5.0	22.32
1.64	22.3	0.6	25	5.0	22.33
1.66	22.3	0.6	25	5.0	22.31
1.68	22.31	0.6	25	5.0	22.32
1.7	22.32	0.6	25	5.0	22.36
1.72	22.12	0.6	25	5.0	21.64
1.74	22.18	0.6	25	5.0	22.31
1.76	22.22	0.6	25	5.0	22.34
1.78	22.25	0.6	25	5.0	22.3
1.8	22.28	0.6	25	5.0	22.34
1.82	22.3	0.6	25	5.0	22.36
1.84	22.29	0.6	25	5.0	22.28
1.86	22.1	0.6	25	5.0	21.66
1.88	22.18	0.6	25	5.0	22.35
1.9	22.22	0.6	25	5.0	22.33
1.92	22.06	0.6	25	5.0	21.69
1.94	22.15	0.6	25	5.0	22.35
1.96	22.19	0.6	25	5.0	22.29
1.98	22.04	0.6	25	5.0	21.69
2.0	22.12	7.54	50	62.83	22.32
2.02	24.06	7.54	50	62.83	28.57
2.04	28.68	7.54	50	62.83	39.48
2.06	33.49	7.54	50	62.83	44.69
2.08	37.62	7.54	50	62.83	47.26
2.1	40.9	7.54	50	62.83	48.56
2.12	43.38	7.54	50	62.83	49.17
2.14	45.29	7.54	50	62.83	49.74
2.16	46.82	7.54	50	62.83	50.38
2.18	47.65	7.54	50	62.83	49.61
2.2	48.33	7.54	50	62.83	49.89
2.22	48.94	7.54	50	62.83	50.39
2.24	49.19	7.54	50	62.83	49.75
2.26	49.35	7.54	50	62.83	49.75
2.28	49.65	7.54	50	62.83	50.35
2.3	49.69	7.54	50	62.83	49.78
2.32	49.71	7.54	50	62.83	49.74
2.34	49.72	7.54	50	62.83	49.74
2.36	49.73	7.54	50	62.83	49.75
2.38	49.73	7.54	50	62.83	49.75
2.4	49.74	7.54	50	62.83	49.76
2.42	49.74	7.54	50	62.83	49.74
2.44	49.93	7.54	50	62.83	50.38
2.46	49.88	7.54	50	62.83	49.75
2.48	49.83	7.54	50	62.83	49.72
2.5	49.81	7.54	50	62.83	49.77
2.52	49.62	7.54	50	62.83	49.17
2.54	49.63	7.54	50	62.83	49.67
2.56	49.48	7.54	50	62.83	49.11
2.58	49.36	7.54	50	62.83	49.09
2.6	49.29	7.54	50	62.83	49.13
2.62	49.24	7.54	50	62.83	49.11
2.64	49.23	7.54	50	62.83	49.2
2.66	49.35	7.54	50	62.83	49.65
2.68	49.47	7.54	50	62.83	49.73
2.7	49.58	7.54	50	62.83	49.86
2.72	49.6	7.54	50	62.83	49.65
2.74	49.45	7.54	50	62.83	49.11
2.76	49.73	7.54	50	62.83	50.38
2.78	49.74	7.54	50	62.83	49.74
2.8	49.74	7.54	50	62.83	49.74
2.82	49.74	7.54	50	62.83	49.74
2.84	49.71	7.54	50	62.83	49.66
2.86	49.93	7.54	50	62.83	50.44
2.88	49.88	7.54	50	62.83	49.76
2.9	49.84	7.54	50	62.83	49.75
2.92	50.0	7.54	50	62.83	50.38
2.94	49.93	7.54	50	62.83	49.75
2.96	49.87	7.54	50	62.83	49.75
2.98	50.01	7.54	50	62.83	50.34
3.0	50.1	0.6	25	5.0	50.29
3.02	49.69	0.6	25	5.0	48.76
3.04	48.46	0.6	25	5.0	45.59
3.06	46.77	0.6	25	5.0	42.83
3.08	45.1	0.6	25	5.0	41.18
3.1	43.03	0.6	25	5.0	38.2
3.12	40.85	0.6	25	5.0	35.77
3.14	38.74	0.6	25	5.0	33.8
3.16	36.68	0.6	25	5.0	31.89
3.18	34.86	0.6	25	5.0	30.62
3.2	33.02	0.6	25	5.0	28.71
3.22	31.34	0.6	25	5.0	27.44
3.24	29.77	0.6	25	5.0	26.09
3.26	28.51	0.6	25	5.0	25.56
3.28	27.22	0.6	25	5.0	24.23
3.3	26.13	0.6	25	5.0	23.56
3.32	25.38	0.6	25	5.0	23.63
3.34	24.66	0.6	25	5.0	22.97
3.36	24.34	0.6	25	5.0	23.59
3.38	23.92	0.6	25	5.0	22.94
3.4	23.63	0.6	25	5.0	22.97
3.42	23.43	0.6	25	5.0	22.97
3.44	23.1	0.6	25	5.0	22.31
3.46	23.04	0.6	25	5.0	22.91
3.48	23.03	0.6	25	5.0	23.0
3.5	23.01	0.6	25	5.0	22.95
3.52	22.8	0.6	25	5.0	22.32
3.54	22.85	0.6	25	5.0	22.97
3.56	22.88	0.6	25	5.0	22.96
3.58	22.72	0.6	25	5.0	22.32
3.6	22.79	0.6	25	5.0	22.96
3.62	22.65	0.6	25	5.0	22.33
3.64	22.74	0.6	25	5.0	22.95
3.66	22.62	0.6	25	5.0	22.33
3.68	22.53	0.6	25	5.0	22.32
3.7	22.65	0.6	25	5.0	22.94
3.72	22.56	0.6	25	5.0	22.33
3.74	22.49	0.6	25	5.0	22.32
3.76	22.44	0.6	25	5.0	22.33
3.78	22.59	0.6	25	5.0	22.96
3.8	22.51	0.6	25	5.0	22.32
3.82	22.44	0.6	25	5.0	22.29
3.84	22.21	0.6	25	5.0	21.68
3.86	22.25	0.6	25	5.0	22.35
3.88	22.08	0.6	25	5.0	21.66
3.9	21.96	0.6	25	5.0	21.7
3.92	22.07	0.6	25	5.0	22.32
3.94	21.96	0.6	25	5.0	21.69
3.96	21.69	0.6	25	5.0	21.06
3.98	21.87	0.6	25	5.0	22.28
4.0	21.82	7.54	50	62.83	21.72
4.02	23.6	7.54	50	62.83	27.75
4.04	27.82	7.54	50	62.83	37.66
4.06	32.29	7.54	50	62.83	42.72
4.08	36.4	7.54	50	62.83	45.99
4.1	39.29	7.54	50	62.83	46.02
4.12	41.76	7.54	50	62.83	47.54
4.14	43.43	7.54	50	62.83	47.31
4.16	44.95	7.54	50	62.83	48.5
4.18	45.81	7.54	50	62.83	47.82
4.2	46.51	7.54	50	62.83	48.15
4.22	46.87	7.54	50	62.83	47.69
4.24	46.97	7.54	50	62.83	47.21
4.26	47.44	7.54	50	62.83	48.54
4.28	47.36	7.54	50	62.83	47.18
4.3	47.5	7.54	50	62.83	47.83
4.32	47.57	7.54	50	62.83	47.74
4.34	47.87	7.54	50	62.83	48.56
4.36	47.86	7.54	50	62.83	47.84
4.38	47.85	7.54	50	62.83	47.82
4.4	48.04	7.54	50	62.83	48.47
4.42	47.97	7.54	50	62.83	47.83
4.44	48.13	7.54	50	62.83	48.48
4.46	48.04	7.54	50	62.83	47.83
4.48	48.17	7.54	50	62.83	48.47
4.5	48.23	7.54	50	62.83	48.39
4.52	48.32	7.54	50	62.83	48.54
4.54	48.37	7.54	50	62.83	48.48
4.56	48.2	7.54	50	62.83	47.82
4.58	48.29	7.54	50	62.83	48.49
4.6	48.31	7.54	50	62.83	48.36
4.62	48.38	7.54	50	62.83	48.55
4.64	48.61	7.54	50	62.83	49.12
4.66	48.72	7.54	50	62.83	48.97
4.68	48.87	7.54	50	62.83	49.23
4.7	49.14	7.54	50	62.83	49.76
4.72	49.12	7.54	50	62.83	49.07
4.74	49.27	7.54	50	62.83	49.61
4.76	49.25	7.54	50	62.83	49.2
4.78	49.38	7.54	50	62.83	49.7
4.8	49.52	7.54	50	62.83	49.84
4.82	49.6	7.54	50	62.83	49.77
4.84	49.57	7.54	50	62.83	49.5
4.86	49.64	7.54	50	62.83	49.8
4.88	49.66	7.54	50	62.83	49.72
4.9	49.72	7.54	50	62.83	49.85
4.92	49.74	7.54	50	62.83	49.78
4.94	49.72	7.54	50	62.83	49.67
4.96	49.73	7.54	50	62.83	49.75
4.98	49.7	7.54	50	62.83	49.65
5.0	49.76	0.6	25	5.0	49.88
5.02	49.4	0.6	25	5.0	48.56
5.04	48.1	0.6	25	5.0	45.07
5.06	46.4	0.6	25	5.0	42.42
5.08	44.54	0.6	25	5.0	40.22
5.1	42.43	0.6	25	5.0	37.52
5.12	40.07	0.6	25	5.0	34.56
5.14	37.83	0.6	25	5.0	32.59
5.16	35.48	0.6	25	5.0	29.99
5.18	33.44	0.6	25	5.0	28.68
5.2	31.44	0.6	25	5.0	26.79
5.22	29.49	0.6	25	5.0	24.95
5.24	27.74	0.6	25	5.0	23.63
5.26	26.31	0.6	25	5.0	22.97
5.28	25.3	0.6	25	5.0	22.97
5.3	24.41	0.6	25	5.0	22.31
5.32	23.59	0.6	25	5.0	21.68
5.34	23.2	0.6	25	5.0	22.28
5.36	22.76	0.6	25	5.0	21.73
5.38	22.43	0.6	25	5.0	21.66
5.4	22.21	0.6	25	5.0	21.71
5.42	22.24	0.6	25	5.0	22.32
5.44	22.07	0.6	25	5.0	21.68
5.46	21.96	0.6	25	5.0	21.7
5.48	22.07	0.6	25	5.0	22.32
5.5	21.95	0.6	25	5.0	21.68
5.52	21.68	0.6	25	5.0	21.05
5.54	21.68	0.6	25	5.0	21.68
5.56	21.68	0.6	25	5.0	21.69
5.58	21.69	0.6	25	5.0	21.69
5.6	21.68	0.6	25	5.0	21.67
5.62	21.68	0.6	25	5.0	21.69
5.64	21.68	0.6	25	5.0	21.68
5.66	21.49	0.6	25	5.0	21.05
5.68	21.55	0.6	25	5.0	21.68
5.7	21.4	0.6	25	5.0	21.05
5.72	21.48	0.6	25	5.0	21.68
5.74	21.54	0.6	25	5.0	21.67
5.76	21.59	0.6	25	5.0	21.69
5.78	21.43	0.6	25	5.0	21.05
5.8	21.5	0.6	25	5.0	21.68
5.82	21.56	0.6	25	5.0	21.69
5.84	21.39	0.6	25	5.0	20.99
5.86	21.48	0.6	25	5.0	21.69
5.88	21.36	0.6	25	5.0	21.08
5.9	21.46	0.6	25	5.0	21.69
5.92	21.53	0.6	25	5.0	21.69
5.94	21.57	0.6	25	5.0	21.68
5.96	21.8	0.6	25	5.0	22.32
5.98	21.96	0.6	25	5.0	22.33
6.0	21.87	7.54	50	62.83	21.68
6.02	23.84	7.54	50	62.83	28.43
6.04	28.45	7.54	50	62.83	39.21
6.06	33.27	7.54	50	62.83	44.51
6.08	37.26	7.54	50	62.83	46.57
6.1	40.42	7.54	50	62.83	47.78
6.12	42.84	7.54	50	62.83	48.49
6.14	44.73	7.54	50	62.83	49.15
6.16	46.24	7.54	50	62.83	49.76
6.18	47.03	7.54	50	62.83	48.87
6.2	47.89	7.54	50	62.83	49.89
6.22	48.48	7.54	50	62.83	49.88
6.24	48.67	7.54	50	62.83	49.12
6.26	48.99	7.54	50	62.83	49.74
6.28	49.23	7.54	50	62.83	49.77
6.3	49.19	7.54	50	62.83	49.11
6.32	49.35	7.54	50	62.83	49.73
6.34	49.27	7.54	50	62.83	49.08
6.36	49.39	7.54	50	62.83	49.66
6.38	49.52	7.54	50	62.83	49.82
6.4	49.39	7.54	50	62.83	49.1
6.42	49.31	7.54	50	62.83	49.13
6.44	49.24	7.54	50	62.83	49.07
6.46	49.02	7.54	50	62.83	48.51
6.48	49.04	7.54	50	62.83	49.1
6.5	48.87	7.54	50	62.83	48.45
6.52	48.93	7.54	50	62.83	49.1
6.54	48.78	7.54	50	62.83	48.42
6.56	48.86	7.54	50	62.83	49.05
6.58	48.97	7.54	50	62.83	49.22
6.6	48.83	7.54	50	62.83	48.49
6.62	48.91	7.54	50	62.83	49.12
6.64	48.98	7.54	50	62.83	49.12
6.66	49.01	7.54	50	62.83	49.1
6.68	49.05	7.54	50	62.83	49.13
6.7	48.87	7.54	50	62.83	48.45
6.72	48.95	7.54	50	62.83	49.12
6.74	48.98	7.54	50	62.83	49.07
6.76	48.84	7.54	50	62.83	48.5
6.78	48.72	7.54	50	62.83	48.45
6.8	48.64	7.54	50	62.83	48.46
6.82	48.79	7.54	50	62.83	49.12
6.84	48.66	7.54	50	62.83	48.37
6.86	48.43	7.54	50	62.83	47.9
6.88	48.41	7.54	50	62.83	48.35
6.9	48.4	7.54	50	62.83	48.38
6.92	48.41	7.54	50	62.83	48.43
6.94	48.29	7.54	50	62.83	48.02
6.96	48.17	7.54	50	62.83	47.89
6.98	48.26	7.54	50	62.83	48.47
7.0	48.13	0.6	25	5.0	47.83
7.02	47.75	0.6	25	5.0	46.85
7.04	46.12	0.6	25	5.0	42.31
7.06	44.35	0.6	25	5.0	40.23
7.08	42.19	0.6	25	5.0	37.13
7.1	39.88	0.6	25	5.0	34.49
7.12	37.31	0.6	25	5.0	31.32
7.14	34.92	0.6	25	5.0	29.36
7.16	32.49	0.6	25	5.0	26.81
7.18	30.39	0.6	25	5.0	25.5
7.2	28.35	0.6	25	5.0	23.6
7.22	26.74	0.6	25	5.0	22.96
7.24	25.41	0.6	25	5.0	22.31
7.26	24.49	0.6	25	5.0	22.34
7.28	23.65	0.6	25	5.0	21.68
7.3	23.25	0.6	25	5.0	22.32
7.32	22.97	0.6	25	5.0	22.32
7.34	22.57	0.6	25	5.0	21.64
7.36	22.51	0.6	25	5.0	22.35
7.38	22.44	0.6	25	5.0	22.29
7.4	22.42	0.6	25	5.0	22.36
7.42	22.39	0.6	25	5.0	22.32
7.44	22.18	0.6	25	5.0	21.69
7.46	22.22	0.6	25	5.0	22.32
7.48	22.06	0.6	25	5.0	21.68
7.5	22.12	0.6	25	5.0	22.25
7.52	22.16	0.6	25	5.0	22.27
7.54	22.23	0.6	25	5.0	22.39
7.56	22.27	0.6	25	5.0	22.35
7.58	22.29	0.6	25	5.0	22.33
7.6	22.3	0.6	25	5.0	22.33
7.62	22.3	0.6	25	5.0	22.32
7.64	22.31	0.6	25	5.0	22.31
7.66	22.3	0.6	25	5.0	22.28
7.68	22.32	0.6	25	5.0	22.36
7.7	22.31	0.6	25	5.0	22.31
7.72	22.51	0.6	25	5.0	22.98
7.74	22.44	0.6	25	5.0	22.25
7.76	22.42	0.6	25	5.0	22.38
7.78	22.2	0.6	25	5.0	21.67
7.8	22.23	0.6	25	5.0	22.32
7.82	22.05	0.6	25	5.0	21.64
7.84	21.95	0.6	25	5.0	21.7
7.86	22.07	0.6	25	5.0	22.35
7.88	21.96	0.6	25	5.0	21.71
7.9	22.03	0.6	25	5.0	22.2
7.92	21.9	0.6	25	5.0	21.6
7.94	22.04	0.6	25	5.0	22.36
7.96	21.97	0.6	25	5.0	21.79
7.98	21.89	0.6	25	5.0	21.7
8.0	22.02	7.54	50	62.83	22.32
8.02	23.91	7.54	50	62.83	28.35
8.04	28.17	7.54	50	62.83	38.09
8.06	32.87	7.54	50	62.83	43.83
8.08	36.76	7.54	50	62.83	45.84
8.1	39.91	7.54	50	62.83	47.26
8.12	42.11	7.54	50	62.83	47.24
8.14	44.02	7.54	50	62.83	48.47
8.16	45.33	7.54	50	62.83	48.4
8.18	46.47	7.54	50	62.83	49.14
8.2	47.08	7.54	50	62.83	48.48
8.22	47.68	7.54	50	62.83	49.08
8.24	48.14	7.54	50	62.83	49.23
8.26	48.24	7.54	50	62.83	48.47
8.28	48.51	7.54	50	62.83	49.12
8.3	48.69	7.54	50	62.83	49.11
8.32	48.82	7.54	50	62.83	49.12
8.34	48.9	7.54	50	62.83	49.1
8.36	48.77	7.54	50	62.83	48.45
8.38	48.88	7.54	50	62.83	49.13
8.4	49.1	7.54	50	62.83	49.62
8.42	48.94	7.54	50	62.83	48.58
8.44	49.18	7.54	50	62.83	49.75
8.46	48.97	7.54	50	62.83	48.47
8.48	49.2	7.54	50	62.83	49.75
8.5	48.98	7.54	50	62.83	48.46
8.52	49.02	7.54	50	62.83	49.11
8.54	49.24	7.54	50	62.83	49.74
8.56	49.39	7.54	50	62.83	49.76
8.58	49.5	7.54	50	62.83	49.74
8.6	49.57	7.54	50	62.83	49.73
8.62	49.43	7.54	50	62.83	49.1
8.64	49.53	7.54	50	62.83	49.75
8.66	49.6	7.54	50	62.83	49.76
8.68	49.45	7.54	50	62.83	49.1
8.7	49.54	7.54	50	62.83	49.74
8.72	49.42	7.54	50	62.83	49.13
8.74	49.32	7.54	50	62.83	49.1
8.76	49.25	7.54	50	62.83	49.1
8.78	49.21	7.54	50	62.83	49.1
8.8	49.17	7.54	50	62.83	49.1
8.82	49.35	7.54	50	62.83	49.74
8.84	49.25	7.54	50	62.83	49.03
8.86	49.22	7.54	50	62.83	49.15
8.88	49.01	7.54	50	62.83	48.51
8.9	49.04	7.54	50	62.83	49.1
8.92	49.03	7.54	50	62.83	49.0
8.94	48.89	7.54	50	62.83	48.56
8.96	48.95	7.54	50	62.83	49.11
8.98	48.82	7.54	50	62.83	48.5
9.0	48.71	0.6	25	5.0	48.47
9.02	48.26	0.6	25	5.0	47.2
9.04	46.68	0.6	25	5.0	42.99
9.06	45.06	0.6	25	5.0	41.29
9.08	43.04	0.6	25	5.0	38.31
9.1	40.81	0.6	25	5.0	35.62
9.12	38.37	0.6	25	5.0	32.66
9.14	36.19	0.6	25	5.0	31.13
9.16	33.97	0.6	25	5.0	28.79
9.18	31.96	0.6	25	5.0	27.28
9.2	30.22	0.6	25	5.0	26.16
9.22	28.46	0.6	25	5.0	24.36
9.24	27.11	0.6	25	5.0	23.96
9.26	25.85	0.6	25	5.0	22.92
9.28	24.89	0.6	25	5.0	22.65
9.3	24.12	0.6	25	5.0	22.31
9.32	23.59	0.6	25	5.0	22.36
9.34	23.21	0.6	25	5.0	22.31
9.36	22.94	0.6	25	5.0	22.32
9.38	22.75	0.6	25	5.0	22.3
9.4	22.6	0.6	25	5.0	22.26
9.42	22.53	0.6	25	5.0	22.35
9.44	22.29	0.6	25	5.0	21.73
9.46	22.3	0.6	25	5.0	22.34
9.48	22.3	0.6	25	5.0	22.29
9.5	22.28	0.6	25	5.0	22.25
9.52	22.31	0.6	25	5.0	22.36
9.54	22.33	0.6	25	5.0	22.39
9.56	22.32	0.6	25	5.0	22.3
9.58	22.32	0.6	25	5.0	22.33
9.6	22.32	0.6	25	5.0	22.31
9.62	22.29	0.6	25	5.0	22.21
9.64	22.09	0.6	25	5.0	21.63
9.66	22.16	0.6	25	5.0	22.31
9.68	22.2	0.6	25	5.0	22.32
9.7	22.36	0.6	25	5.0	22.73
9.72	22.34	0.6	25	5.0	22.28
9.74	22.33	0.6	25	5.0	22.31
9.76	22.5	0.6	25	5.0	22.88
9.78	22.47	0.6	25	5.0	22.41
9.8	22.42	0.6	25	5.0	22.31
9.82	22.58	0.6	25	5.0	22.93
9.84	22.6	0.6	25	5.0	22.66
9.86	22.72	0.6	25	5.0	23.01
9.88	22.8	0.6	25	5.0	22.99
9.9	22.85	0.6	25	5.0	22.97
9.92	22.88	0.6	25	5.0	22.95
9.94	22.9	0.6	25	5.0	22.93
9.96	22.93	0.6	25	5.0	23.0
9.98	23.13	0.6	25	5.0	23.61
10.0	23.08	7.54	50	62.83	22.95
10.02	25.07	7.54	50	62.83	29.73
10.04	29.43	7.54	50	62.83	39.58
10.06	34.03	7.54	50	62.83	44.76
10.08	38.22	7.54	50	62.83	48.0
10.1	41.26	7.54	50	62.83	48.37
10.12	43.47	7.54	50	62.83	48.61
10.14	45.33	7.54	50	62.83	49.67
10.16	46.66	7.54	50	62.83	49.78
10.18	47.59	7.54	50	62.83	49.75
10.2	48.23	7.54	50	62.83	49.74
10.22	48.69	7.54	50	62.83	49.77
10.24	49.04	7.54	50	62.83	49.84
10.26	49.05	7.54	50	62.83	49.09
10.28	49.25	7.54	50	62.83	49.7
10.3	49.21	7.54	50	62.83	49.13
10.32	48.98	7.54	50	62.83	48.43
10.34	48.82	7.54	50	62.83	48.44
10.36	48.52	7.54	50	62.83	47.84
10.38	48.51	7.54	50	62.83	48.48
10.4	48.49	7.54	50	62.83	48.45
10.42	48.22	7.54	50	62.83	47.59
10.44	48.28	7.54	50	62.83	48.4
10.46	48.23	7.54	50	62.83	48.11
10.48	48.13	7.54	50	62.83	47.9
10.5	47.85	7.54	50	62.83	47.2
10.52	47.83	7.54	50	62.83	47.79
10.54	47.84	7.54	50	62.83	47.85
10.56	47.76	7.54	50	62.83	47.57
10.58	47.68	7.54	50	62.83	47.49
10.6	47.52	7.54	50	62.83	47.15
10.62	47.5	7.54	50	62.83	47.46
10.64	47.53	7.54	50	62.83	47.58
10.66	47.61	7.54	50	62.83	47.79
10.68	47.62	7.54	50	62.83	47.65
10.7	47.45	7.54	50	62.83	47.05
10.72	47.52	7.54	50	62.83	47.71
10.74	47.4	7.54	50	62.83	47.11
10.76	47.55	7.54	50	62.83	47.9
10.78	47.42	7.54	50	62.83	47.13
10.8	47.56	7.54	50	62.83	47.88
10.82	47.53	7.54	50	62.83	47.44
10.84	47.64	7.54	50	62.83	47.9
10.86	47.58	7.54	50	62.83	47.44
10.88	47.67	7.54	50	62.83	47.89
10.9	47.9	7.54	50	62.83	48.43
10.92	47.87	7.54	50	62.83	47.81
10.94	48.05	7.54	50	62.83	48.48
10.96	48.15	7.54	50	62.83	48.38
10.98	48.28	7.54	50	62.83	48.58
11.0	48.14	7.54	50	62.83	47.83
11.02	48.31	7.54	50	62.83	48.71
11.04	48.24	7.54	50	62.83	48.05
11.06	48.33	7.54	50	62.83	48.54
11.08	48.52	7.54	50	62.83	48.98
11.1	48.69	7.54	50	62.83	49.08
11.12	48.86	7.54	50	62.83	49.26
11.14	49.11	7.54	50	62.83	49.7
11.16	49.33	7.54	50	62.83	49.82
11.18	49.65	7.54	50	62.83	50.4
11.2	49.68	7.54	50	62.83	49.76
11.22	49.88	7.54	50	62.83	50.36
11.24	50.03	7.54	50	62.83	50.37
11.26	49.95	7.54	50	62.83	49.76
11.28	50.09	7.54	50	62.83	50.41
11.3	49.99	7.54	50	62.83	49.75
11.32	49.91	7.54	50	62.83	49.74
11.34	50.05	7.54	50	62.83	50.39
11.36	49.96	7.54	50	62.83	49.74
11.38	49.89	7.54	50	62.83	49.74
11.4	50.05	7.54	50	62.83	50.4
11.42	49.96	7.54	50	62.83	49.75
11.44	49.89	7.54	50	62.83	49.74
11.46	49.81	7.54	50	62.83	49.63
11.48	49.83	7.54	50	62.83	49.86
11.5	49.81	7.54	50	62.83	49.77
11.52	49.8	7.54	50	62.83	49.78
11.54	49.59	7.54	50	62.83	49.1
11.56	49.65	7.54	50	62.83	49.79
11.58	49.67	7.54	50	62.83	49.71
11.6	49.51	7.54	50	62.83	49.13
11.62	49.17	7.54	50	62.83	48.4
11.64	48.96	7.54	50	62.83	48.47
11.66	48.62	7.54	50	62.83	47.83
11.68	48.59	7.54	50	62.83	48.5
11.7	48.37	7.54	50	62.83	47.86
11.72	48.21	7.54	50	62.83	47.85
11.74	48.27	7.54	50	62.83	48.42
11.76	48.15	7.54	50	62.83	47.85
11.78	48.02	7.54	50	62.83	47.72
11.8	47.85	7.54	50	62.83	47.46
11.82	47.48	7.54	50	62.83	46.6
11.84	47.63	7.54	50	62.83	47.99
11.86	47.49	7.54	50	62.83	47.15
11.88	47.61	7.54	50	62.83	47.89
11.9	47.59	7.54	50	62.83	47.55
11.92	47.55	7.54	50	62.83	47.47
11.94	47.68	7.54	50	62.83	47.96
11.96	47.55	7.54	50	62.83	47.26
11.98	47.62	7.54	50	62.83	47.79
12.0	47.51	7.54	50	62.83	47.24
12.02	47.6	7.54	50	62.83	47.82
12.04	47.56	7.54	50	62.83	47.46
12.06	47.53	7.54	50	62.83	47.46
12.08	47.75	7.54	50	62.83	48.26
12.1	48.0	7.54	50	62.83	48.57
12.12	48.12	7.54	50	62.83	48.4
12.14	48.06	7.54	50	62.83	47.91
12.16	48.31	7.54	50	62.83	48.89
12.18	48.03	7.54	50	62.83	47.37
12.2	48.1	7.54	50	62.83	48.26
12.22	48.14	7.54	50	62.83	48.24
12.24	48.24	7.54	50	62.83	48.47
12.26	48.25	7.54	50	62.83	48.27
12.28	48.32	7.54	50	62.83	48.48
12.3	48.39	7.54	50	62.83	48.54
12.32	48.6	7.54	50	62.83	49.1
12.34	48.41	7.54	50	62.83	47.98
12.36	48.25	7.54	50	62.83	47.86
12.38	48.09	7.54	50	62.83	47.71
12.4	48.25	7.54	50	62.83	48.63
12.42	48.49	7.54	50	62.83	49.04
12.44	48.71	7.54	50	62.83	49.23
12.46	48.96	7.54	50	62.83	49.55
12.48	49.21	7.54	50	62.83	49.8
12.5	49.42	7.54	50	62.83	49.9
12.52	49.72	7.54	50	62.83	50.42
12.54	50.12	7.54	50	62.83	51.05
12.56	50.12	7.54	50	62.83	50.12
12.58	50.0	7.54	50	62.83	49.71
12.6	50.12	7.54	50	62.83	50.42
12.62	50.02	7.54	50	62.83	49.77
12.64	50.12	7.54	50	62.83	50.37
12.66	50.01	7.54	50	62.83	49.76
12.68	49.93	7.54	50	62.83	49.74
12.7	49.87	7.54	50	62.83	49.72
12.72	49.83	7.54	50	62.83	49.75
12.74	49.62	7.54	50	62.83	49.13
12.76	49.66	7.54	50	62.83	49.75
12.78	49.5	7.54	50	62.83	49.11
12.8	49.58	7.54	50	62.83	49.76
12.82	49.41	7.54	50	62.83	49.03
12.84	49.3	7.54	50	62.83	49.02
12.86	49.26	7.54	50	62.83	49.16
12.88	49.02	7.54	50	62.83	48.47
12.9	48.78	7.54	50	62.83	48.22
12.92	48.5	7.54	50	62.83	47.86
12.94	48.19	7.54	50	62.83	47.46
12.96	48.07	7.54	50	62.83	47.78
12.98	48.01	7.54	50	62.83	47.86
13.0	47.93	7.54	50	62.83	47.75
13.02	47.98	7.54	50	62.83	48.1
13.04	47.83	7.54	50	62.83	47.5
13.06	47.85	7.54	50	62.83	47.9
13.08	47.83	7.54	50	62.83	47.77
13.1	47.66	7.54	50	62.83	47.26
13.12	47.6	7.54	50	62.83	47.48
13.14	47.62	7.54	50	62.83	47.65
13.16	47.67	7.54	50	62.83	47.8
13.18	47.54	7.54	50	62.83	47.23
13.2	47.81	7.54	50	62.83	48.46
13.22	47.85	7.54	50	62.83	47.95
13.24	47.99	7.54	50	62.83	48.32
13.26	47.98	7.54	50	62.83	47.94
13.28	47.94	7.54	50	62.83	47.84
13.3	48.11	7.54	50	62.83	48.51
13.32	48.21	7.54	50	62.83	48.46
13.34	48.1	7.54	50	62.83	47.82
13.36	48.21	7.54	50	62.83	48.48
13.38	48.48	7.54	50	62.83	49.11
13.4	48.48	7.54	50	62.83	48.48
13.42	48.48	7.54	50	62.83	48.47
13.44	48.66	7.54	50	62.83	49.09
13.46	48.55	7.54	50	62.83	48.3
13.48	48.76	7.54	50	62.83	49.26
13.5	48.66	7.54	50	62.83	48.43
13.52	48.81	7.54	50	62.83	49.15
13.54	48.9	7.54	50	62.83	49.11
13.56	48.76	7.54	50	62.83	48.45
13.58	48.88	7.54	50	62.83	49.13
13.6	48.95	7.54	50	62.83	49.13
13.62	48.8	7.54	50	62.83	48.46
13.64	48.89	7.54	50	62.83	49.11
13.66	48.96	7.54	50	62.83	49.12
13.68	49.01	7.54	50	62.83	49.11
13.7	49.04	7.54	50	62.83	49.11
13.72	49.25	7.54	50	62.83	49.73
13.74	49.38	7.54	50	62.83	49.7
13.76	49.5	7.54	50	62.83	49.77
13.78	49.77	7.54	50	62.83	50.4
13.8	49.95	7.54	50	62.83	50.38
13.82	49.89	7.54	50	62.83	49.75
13.84	50.01	7.54	50	62.83	50.28
13.86	50.15	7.54	50	62.83	50.49
13.88	50.03	7.54	50	62.83	49.75
13.9	50.14	7.54	50	62.83	50.38
13.92	50.02	7.54	50	62.83	49.74
13.94	50.12	7.54	50	62.83	50.34
13.96	50.01	7.54	50	62.83	49.77
13.98	49.94	7.54	50	62.83	49.76
14.0	49.88	7.54	50	62.83	49.75
14.02	49.85	7.54	50	62.83	49.76
14.04	49.45	7.54	50	62.83	48.53
14.06	49.66	7.54	50	62.83	50.14
14.08	49.7	7.54	50	62.83	49.79
14.1	49.53	7.54	50	62.83	49.15
14.12	49.44	7.54	50	62.83	49.22
14.14	49.33	7.54	50	62.83	49.08
14.16	49.46	7.54	50	62.83	49.75
14.18	49.17	7.54	50	62.83	48.49
14.2	49.15	7.54	50	62.83	49.12
14.22	48.76	7.54	50	62.83	47.83
14.24	48.45	7.54	50	62.83	47.73
14.26	48.29	7.54	50	62.83	47.91
14.28	47.97	7.54	50	62.83	47.22
14.3	47.93	7.54	50	62.83	47.84
14.32	47.7	7.54	50	62.83	47.18
14.34	47.74	7.54	50	62.83	47.83
14.36	47.56	7.54	50	62.83	47.12
14.38	47.67	7.54	50	62.83	47.92
14.4	47.71	7.54	50	62.83	47.83
14.42	47.75	7.54	50	62.83	47.84
14.44	47.77	7.54	50	62.83	47.82
14.46	47.6	7.54	50	62.83	47.19
14.48	47.86	7.54	50	62.83	48.47
14.5	47.66	7.54	50	62.83	47.21
14.52	47.87	7.54	50	62.83	48.35
14.54	47.88	7.54	50	62.83	47.92
14.56	47.88	7.54	50	62.83	47.86
14.58	48.05	7.54	50	62.83	48.46
14.6	47.99	7.54	50	62.83	47.83
14.62	48.13	7.54	50	62.83	48.48
14.64	48.04	7.54	50	62.83	47.81
14.66	48.15	7.54	50	62.83	48.41
14.68	48.27	7.54	50	62.83	48.55
14.7	48.33	7.54	50	62.83	48.48
14.72	48.37	7.54	50	62.83	48.47
14.74	48.4	7.54	50	62.83	48.45
14.76	48.42	7.54	50	62.83	48.48
14.78	48.43	7.54	50	62.83	48.44
14.8	48.45	7.54	50	62.83	48.49
14.82	48.64	7.54	50	62.83	49.1
14.84	48.52	7.54	50	62.83	48.25
14.86	48.53	7.54	50	62.83	48.55
14.88	48.55	7.54	50	62.83	48.6
14.9	48.53	7.54	50	62.83	48.48
14.92	48.7	7.54	50	62.83	49.1
14.94	48.63	7.54	50	62.83	48.48
14.96	48.77	7.54	50	62.83	49.08
14.98	48.69	7.54	50	62.83	48.5
15.0	48.81	7.54	50	62.83	49.11
15.02	48.92	7.54	50	62.83	49.16
15.04	48.8	7.54	50	62.83	48.51
15.06	49.02	7.54	50	62.83	49.55
15.08	49.28	7.54	50	62.83	49.88
15.1	49.55	7.54	50	62.83	50.2
15.12	49.81	7.54	50	62.83	50.41
15.14	49.8	7.54	50	62.83	49.77
15.16	49.97	7.54	50	62.83	50.37
15.18	49.9	7.54	50	62.83	49.75
15.2	49.88	7.54	50	62.83	49.82
15.22	49.77	7.54	50	62.83	49.5
15.24	49.82	7.54	50	62.83	49.96
15.26	49.78	7.54	50	62.83	49.7
15.28	49.6	7.54	50	62.83	49.19
15.3	49.46	7.54	50	62.83	49.12
15.32	49.55	7.54	50	62.83	49.77
15.34	49.41	7.54	50	62.83	49.09
15.36	49.33	7.54	50	62.83	49.12
15.38	49.25	7.54	50	62.83	49.08
15.4	49.21	7.54	50	62.83	49.12
15.42	49.18	7.54	50	62.83	49.11
15.44	48.97	7.54	50	62.83	48.47
15.46	49.01	7.54	50	62.83	49.09
15.48	48.84	7.54	50	62.83	48.46
15.5	48.74	7.54	50	62.83	48.49
15.52	48.65	7.54	50	62.83	48.45
15.54	48.58	7.54	50	62.83	48.41
15.56	48.38	7.54	50	62.83	47.9
15.58	48.2	7.54	50	62.83	47.79
15.6	48.1	7.54	50	62.83	47.86
15.62	48.02	7.54	50	62.83	47.84
15.64	47.97	7.54	50	62.83	47.84
15.66	47.92	7.54	50	62.83	47.81
15.68	47.89	7.54	50	62.83	47.83
15.7	48.07	7.54	50	62.83	48.49
15.72	48.0	7.54	50	62.83	47.82
15.74	47.95	7.54	50	62.83	47.83
15.76	48.11	7.54	50	62.83	48.48
15.78	48.02	7.54	50	62.83	47.82
15.8	48.15	7.54	50	62.83	48.44
15.82	48.25	7.54	50	62.83	48.49
15.84	48.28	7.54	50	62.83	48.36
15.86	48.37	7.54	50	62.83	48.57
15.88	48.4	7.54	50	62.83	48.47
15.9	48.61	7.54	50	62.83	49.11
15.92	48.55	7.54	50	62.83	48.42
15.94	48.73	7.54	50	62.83	49.15
15.96	48.66	7.54	50	62.83	48.49
15.98	48.6	7.54	50	62.83	48.45
16.0	48.75	7.54	50	62.83	49.1
16.02	48.75	7.54	50	62.83	48.74
16.04	48.48	7.54	50	62.83	47.85
16.06	48.53	7.54	50	62.83	48.65
16.08	48.77	7.54	50	62.83	49.32
16.1	48.81	7.54	50	62.83	48.91
16.12	48.91	7.54	50	62.83	49.13
16.14	48.98	7.54	50	62.83	49.14
16.16	49.02	7.54	50	62.83	49.12
16.18	49.05	7.54	50	62.83	49.11
16.2	49.08	7.54	50	62.83	49.16
16.22	48.9	7.54	50	62.83	48.48
16.24	48.96	7.54	50	62.83	49.11
16.26	49.01	7.54	50	62.83	49.12
16.28	49.04	7.54	50	62.83	49.11
16.3	49.06	7.54	50	62.83	49.11
16.32	49.07	7.54	50	62.83	49.11
16.34	49.27	7.54	50	62.83	49.74
16.36	49.42	7.54	50	62.83	49.76
16.38	49.51	7.54	50	62.83	49.74
16.4	49.58	7.54	50	62.83	49.73
16.42	49.63	7.54	50	62.83	49.75
16.44	49.67	7.54	50	62.83	49.75
16.46	49.5	7.54	50	62.83	49.11
16.48	49.57	7.54	50	62.83	49.74
16.5	49.43	7.54	50	62.83	49.12
16.52	49.34	7.54	50	62.83	49.1
16.54	49.45	7.54	50	62.83	49.72
16.56	49.32	7.54	50	62.83	49.03
16.58	49.09	7.54	50	62.83	48.56
16.6	49.09	7.54	50	62.83	49.09
16.62	49.1	7.54	50	62.83	49.13
16.64	49.11	7.54	50	62.83	49.11
16.66	48.92	7.54	50	62.83	48.47
16.68	48.79	7.54	50	62.83	48.5
16.7	48.88	7.54	50	62.83	49.07
16.72	48.75	7.54	50	62.83	48.47
16.74	48.86	7.54	50	62.83	49.1
16.76	48.74	7.54	50	62.83	48.48
16.78	48.66	7.54	50	62.83	48.46
16.8	48.6	7.54	50	62.83	48.47
16.82	48.37	7.54	50	62.83	47.81
16.84	48.37	7.54	50	62.83	48.38
16.86	48.04	7.54	50	62.83	47.27
16.88	47.99	7.54	50	62.83	47.86
16.9	47.93	7.54	50	62.83	47.81
16.92	47.91	7.54	50	62.83	47.85
16.94	47.88	7.54	50	62.83	47.82
16.96	47.87	7.54	50	62.83	47.83
16.98	47.86	7.54	50	62.83	47.84
17.0	48.04	7.54	50	62.83	48.48
17.02	48.0	7.54	50	62.83	47.89
17.04	48.0	7.54	50	62.83	48.0
17.06	48.2	7.54	50	62.83	48.66
17.08	48.32	7.54	50	62.83	48.62
17.1	48.53	7.54	50	62.83	49.0
17.12	48.54	7.54	50	62.83	48.57
17.14	48.53	7.54	50	62.83	48.5
17.16	48.71	7.54	50	62.83	49.12
17.18	48.83	7.54	50	62.83	49.12
17.2	48.7	7.54	50	62.83	48.41
17.22	48.59	7.54	50	62.83	48.32
17.24	48.57	7.54	50	62.83	48.52
17.26	48.58	7.54	50	62.83	48.61
17.28	48.55	7.54	50	62.83	48.49
17.3	48.52	7.54	50	62.83	48.44
17.32	48.51	7.54	50	62.83	48.48
17.34	48.49	7.54	50	62.83	48.46
17.36	48.5	7.54	50	62.83	48.51
17.38	48.67	7.54	50	62.83	49.07
17.4	48.61	7.54	50	62.83	48.48
17.42	48.77	7.54	50	62.83	49.12
17.44	48.67	7.54	50	62.83	48.44
17.46	48.8	7.54	50	62.83	49.12
17.48	48.89	7.54	50	62.83	49.1
17.5	48.96	7.54	50	62.83	49.11
17.52	49.0	7.54	50	62.83	49.11
17.54	49.03	7.54	50	62.83	49.08
17.56	49.06	7.54	50	62.83	49.15
17.58	49.24	7.54	50	62.83	49.64
17.6	49.03	7.54	50	62.83	48.54
17.62	49.24	7.54	50	62.83	49.74
17.64	49.4	7.54	50	62.83	49.76
17.66	49.51	7.54	50	62.83	49.76
17.68	49.57	7.54	50	62.83	49.74
17.7	49.63	7.54	50	62.83	49.78
17.72	49.68	7.54	50	62.83	49.78
17.74	49.67	7.54	50	62.83	49.65
17.76	49.7	7.54	50	62.83	49.78
17.78	49.72	7.54	50	62.83	49.77
17.8	49.53	7.54	50	62.83	49.09
17.82	49.59	7.54	50	62.83	49.73
17.84	49.41	7.54	50	62.83	48.97
17.86	49.35	7.54	50	62.83	49.23
17.88	49.48	7.54	50	62.83	49.76
17.9	49.37	7.54	50	62.83	49.12
17.92	49.28	7.54	50	62.83	49.08
17.94	49.23	7.54	50	62.83	49.11
17.96	49.2	7.54	50	62.83	49.13
17.98	49.17	7.54	50	62.83	49.12
18.0	49.15	7.54	50	62.83	49.08
18.02	49.05	7.54	50	62.83	48.82
18.04	49.01	7.54	50	62.83	48.91
18.06	48.95	7.54	50	62.83	48.82
18.08	49.24	7.54	50	62.83	49.9
18.1	48.94	7.54	50	62.83	48.25
18.12	49.01	7.54	50	62.83	49.18
18.14	48.86	7.54	50	62.83	48.5
18.16	48.57	7.54	50	62.83	47.89
18.18	48.67	7.54	50	62.83	48.91
18.2	48.49	7.54	50	62.83	48.06
18.22	48.29	7.54	50	62.83	47.83
18.24	48.35	7.54	50	62.83	48.48
18.26	48.21	7.54	50	62.83	47.88
18.28	48.28	7.54	50	62.83	48.44
18.3	48.33	7.54	50	62.83	48.47
18.32	48.38	7.54	50	62.83	48.49
18.34	48.41	7.54	50	62.83	48.48
18.36	48.42	7.54	50	62.83	48.46
18.38	48.63	7.54	50	62.83	49.11
18.4	48.58	7.54	50	62.83	48.45
18.42	48.55	7.54	50	62.83	48.49
18.44	48.52	7.54	50	62.83	48.46
18.46	48.68	7.54	50	62.83	49.04
18.48	48.63	7.54	50	62.83	48.51
18.5	48.58	7.54	50	62.83	48.47
18.52	48.74	7.54	50	62.83	49.11
18.54	48.67	7.54	50	62.83	48.49
18.56	48.6	7.54	50	62.83	48.44
18.58	48.75	7.54	50	62.83	49.11
18.6	48.84	7.54	50	62.83	49.04
18.62	48.75	7.54	50	62.83	48.55
18.64	48.85	7.54	50	62.83	49.07
18.66	48.93	7.54	50	62.83	49.12
18.68	48.77	7.54	50	62.83	48.39
18.7	48.89	7.54	50	62.83	49.17
18.72	48.96	7.54	50	62.83	49.12
18.74	48.8	7.54	50	62.83	48.45
18.76	48.9	7.54	50	62.83	49.12
18.78	48.95	7.54	50	62.83	49.07
18.8	49.01	7.54	50	62.83	49.15
18.82	49.05	7.54	50	62.83	49.13
18.84	49.01	7.54	50	62.83	48.94
18.86	48.9	7.54	50	62.83	48.63
18.88	48.96	7.54	50	62.83	49.1
18.9	48.74	7.54	50	62.83	48.22
18.92	48.64	7.54	50	62.83	48.4
18.94	48.84	7.54	50	62.83	49.32
18.96	48.93	7.54	50	62.83	49.13
18.98	48.99	7.54	50	62.83	49.15
19.0	49.03	7.54	50	62.83	49.11
19.02	49.37	7.54	50	62.83	50.17
19.04	49.04	7.54	50	62.83	48.27
19.06	49.01	7.54	50	62.83	48.95
19.08	49.24	7.54	50	62.83	49.78
19.1	49.33	7.54	50	62.83	49.53
19.12	49.26	7.54	50	62.83	49.11
19.14	49.05	7.54	50	62.83	48.57
19.16	48.88	7.54	50	62.83	48.48
19.18	48.95	7.54	50	62.83	49.11
19.2	48.79	7.54	50	62.83	48.41
19.22	48.71	7.54	50	62.83	48.54
19.24	48.64	7.54	50	62.83	48.48
19.26	48.58	7.54	50	62.83	48.42
19.28	48.55	7.54	50	62.83	48.49
19.3	48.53	7.54	50	62.83	48.48
19.32	48.52	7.54	50	62.83	48.51
19.34	48.5	7.54	50	62.83	48.45
19.36	48.49	7.54	50	62.83	48.48
19.38	48.3	7.54	50	62.83	47.84
19.4	48.14	7.54	50	62.83	47.79
19.42	48.06	7.54	50	62.83	47.85
19.44	48.0	7.54	50	62.83	47.87
19.46	47.86	7.54	50	62.83	47.55
19.48	47.92	7.54	50	62.83	48.07
19.5	47.92	7.54	50	62.83	47.91
19.52	47.87	7.54	50	62.83	47.77
19.54	47.87	7.54	50	62.83	47.85
19.56	48.04	7.54	50	62.83	48.44
19.58	48.18	7.54	50	62.83	48.5
19.6	48.26	7.54	50	62.83	48.45
19.62	48.11	7.54	50	62.83	47.77
19.64	48.24	7.54	50	62.83	48.55
19.66	48.3	7.54	50	62.83	48.45
19.68	48.38	7.54	50	62.83	48.55
19.7	48.39	7.54	50	62.83	48.42
19.72	48.42	7.54	50	62.83	48.48
19.74	48.42	7.54	50	62.83	48.44
19.76	48.44	7.54	50	62.83	48.48
19.78	48.45	7.54	50	62.83	48.48
19.8	48.45	7.54	50	62.83	48.45
19.82	48.46	7.54	50	62.83	48.46
19.84	48.43	7.54	50	62.83	48.37
19.86	48.47	7.54	50	62.83	48.56
19.88	48.47	7.54	50	62.83	48.49
19.9	48.66	7.54	50	62.83	49.08
19.92	48.6	7.54	50	62.83	48.47
19.94	48.76	7.54	50	62.83	49.13
19.96	48.68	7.54	50	62.83	48.49
19.98	48.81	7.54	50	62.83	49.12
20.0	48.7	7.54	50	62.83	48.44
20.02	48.85	7.54	50	62.83	49.19
20.04	48.64	7.54	50	62.83	48.16
20.06	48.84	7.54	50	62.83	49.3
20.08	49.14	7.54	50	62.83	49.84
20.1	49.05	7.54	50	62.83	48.83
20.12	49.1	7.54	50	62.83	49.24
20.14	49.09	7.54	50	62.83	49.05
20.16	49.1	7.54	50	62.83	49.13
20.18	49.31	7.54	50	62.83	49.8
20.2	49.25	7.54	50	62.83	49.13
20.22	49.43	7.54	50	62.83	49.85
20.24	49.33	7.54	50	62.83	49.1
20.26	49.45	7.54	50	62.83	49.71
20.28	49.57	7.54	50	62.83	49.84
20.3	49.38	7.54	50	62.83	48.96
20.32	49.31	7.54	50	62.83	49.15
20.34	49.44	7.54	50	62.83	49.73
20.36	49.35	7.54	50	62.83	49.13
20.38	49.27	7.54	50	62.83	49.08
20.4	49.23	7.54	50	62.83	49.14
20.42	49.19	7.54	50	62.83	49.11
20.44	49.16	7.54	50	62.83	49.09
20.46	49.14	7.54	50	62.83	49.09
20.48	49.1	7.54	50	62.83	49.01
20.5	48.92	7.54	50	62.83	48.5
20.52	48.82	7.54	50	62.83	48.59
20.54	48.71	7.54	50	62.83	48.45
20.56	48.64	7.54	50	62.83	48.47
20.58	48.79	7.54	50	62.83	49.15
20.6	48.68	7.54	50	62.83	48.41
20.62	48.64	7.54	50	62.83	48.55
20.64	48.74	7.54	50	62.83	48.98
20.66	48.69	7.54	50	62.83	48.58
20.68	48.41	7.54	50	62.83	47.76
20.7	48.21	7.54	50	62.83	47.74
20.72	48.28	7.54	50	62.83	48.44
20.74	48.16	7.54	50	62.83	47.88
20.76	48.27	7.54	50	62.83	48.52
20.78	48.32	7.54	50	62.83	48.45
20.8	48.39	7.54	50	62.83	48.54
20.82	48.41	7.54	50	62.83	48.45
20.84	48.56	7.54	50	62.83	48.93
20.86	48.37	7.54	50	62.83	47.92
20.88	48.63	7.54	50	62.83	49.22
20.9	48.58	7.54	50	62.83	48.48
20.92	48.54	7.54	50	62.83	48.43
20.94	48.53	7.54	50	62.83	48.52
20.96	48.52	7.54	50	62.83	48.48
20.98	48.5	7.54	50	62.83	48.48
21.0	48.49	7.54	50	62.83	48.46
21.02	48.71	7.54	50	62.83	49.22
21.04	48.49	7.54	50	62.83	47.96
21.06	48.55	7.54	50	62.83	48.71
21.08	48.56	7.54	50	62.83	48.59
21.1	48.67	7.54	50	62.83	48.91
21.12	48.61	7.54	50	62.83	48.49
21.14	48.78	7.54	50	62.83	49.15
21.16	48.87	7.54	50	62.83	49.09
21.18	48.95	7.54	50	62.83	49.12
21.2	48.83	7.54	50	62.83	48.57
21.22	48.92	7.54	50	62.83	49.14
21.24	48.79	7.54	50	62.83	48.48
21.26	49.07	7.54	50	62.83	49.72
21.28	48.9	7.54	50	62.83	48.5
21.3	48.96	7.54	50	62.83	49.11
21.32	49.01	7.54	50	62.83	49.11
21.34	48.84	7.54	50	62.83	48.45
21.36	48.73	7.54	50	62.83	48.46
21.38	48.85	7.54	50	62.83	49.14
21.4	48.73	7.54	50	62.83	48.46
21.42	48.64	7.54	50	62.83	48.41
21.44	48.59	7.54	50	62.83	48.49
21.46	48.56	7.54	50	62.83	48.49
21.48	48.54	7.54	50	62.83	48.48
21.5	48.52	7.54	50	62.83	48.46
21.52	48.5	7.54	50	62.83	48.46
21.54	48.68	7.54	50	62.83	49.09
21.56	48.62	7.54	50	62.83	48.5
21.58	48.58	7.54	50	62.83	48.47
21.6	48.74	7.54	50	62.83	49.11
21.62	48.86	7.54	50	62.83	49.15
21.64	48.94	7.54	50	62.83	49.12
21.66	48.94	7.54	50	62.83	48.94
21.68	48.86	7.54	50	62.83	48.69
21.7	48.92	7.54	50	62.83	49.06
21.72	48.94	7.54	50	62.83	49.0
21.74	49.0	7.54	50	62.83	49.14
21.76	49.04	7.54	50	62.83	49.12
21.78	48.87	7.54	50	62.83	48.48
21.8	48.75	7.54	50	62.83	48.48
21.82	48.84	7.54	50	62.83	49.04
21.84	48.68	7.54	50	62.83	48.31
21.86	48.68	7.54	50	62.83	48.67
21.88	48.62	7.54	50	62.83	48.48
21.9	48.76	7.54	50	62.83	49.09
21.92	48.67	7.54	50	62.83	48.47
21.94	48.8	7.54	50	62.83	49.09
21.96	48.89	7.54	50	62.83	49.1
21.98	48.78	7.54	50	62.83	48.52
22.0	48.68	7.54	50	62.83	48.46
22.02	48.71	7.54	50	62.83	48.77
22.04	48.46	7.54	50	62.83	47.89
22.06	48.51	7.54	50	62.83	48.61
22.08	48.66	7.54	50	62.83	49.03
22.1	48.62	7.54	50	62.83	48.52
22.12	48.59	7.54	50	62.83	48.53
22.14	48.75	7.54	50	62.83	49.11
22.16	48.85	7.54	50	62.83	49.08
22.18	48.91	7.54	50	62.83	49.06
22.2	48.84	7.54	50	62.83	48.66
22.22	48.75	7.54	50	62.83	48.56
22.24	48.85	7.54	50	62.83	49.06
22.26	48.9	7.54	50	62.83	49.03
22.28	48.75	7.54	50	62.83	48.41
22.3	48.69	7.54	50	62.83	48.53
22.32	48.81	7.54	50	62.83	49.1
22.34	48.9	7.54	50	62.83	49.12
22.36	48.74	7.54	50	62.83	48.36
22.38	48.88	7.54	50	62.83	49.2
22.4	48.95	7.54	50	62.83	49.11
22.42	48.81	7.54	50	62.83	48.48
22.44	49.05	7.54	50	62.83	49.63
22.46	48.77	7.54	50	62.83	48.11
22.48	48.91	7.54	50	62.83	49.24
22.5	48.88	7.54	50	62.83	48.8
22.52	48.94	7.54	50	62.83	49.08
22.54	49.17	7.54	50	62.83	49.71
22.56	49.35	7.54	50	62.83	49.78
22.58	49.29	7.54	50	62.83	49.13
22.6	49.43	7.54	50	62.83	49.75
22.62	49.34	7.54	50	62.83	49.15
22.64	49.47	7.54	50	62.83	49.77
22.66	49.17	7.54	50	62.83	48.47
22.68	49.12	7.54	50	62.83	49.01
22.7	49.15	7.54	50	62.83	49.21
22.72	48.95	7.54	50	62.83	48.48
22.74	48.99	7.54	50	62.83	49.1
22.76	48.84	7.54	50	62.83	48.47
22.78	48.72	7.54	50	62.83	48.45
22.8	48.84	7.54	50	62.83	49.12
22.82	48.9	7.54	50	62.83	49.04
22.84	48.89	7.54	50	62.83	48.88
22.86	49.0	7.54	50	62.83	49.26
22.88	49.06	7.54	50	62.83	49.18
22.9	49.08	7.54	50	62.83	49.14
22.92	48.9	7.54	50	62.83	48.49
22.94	48.97	7.54	50	62.83	49.13
22.96	48.81	7.54	50	62.83	48.43
22.98	48.91	7.54	50	62.83	49.16
23.0	48.78	7.54	50	62.83	48.47
23.02	48.77	7.54	50	62.83	48.74
23.04	48.5	7.54	50	62.83	47.88
23.06	48.37	7.54	50	62.83	48.07
23.08	48.75	7.54	50	62.83	49.63
23.1	48.67	7.54	50	62.83	48.49
23.12	48.59	7.54	50	62.83	48.4
23.14	48.79	7.54	50	62.83	49.27
23.16	48.67	7.54	50	62.83	48.39
23.18	48.79	7.54	50	62.83	49.08
23.2	49.03	7.54	50	62.83	49.6
23.22	48.91	7.54	50	62.83	48.63
23.24	49.0	7.54	50	62.83	49.19
23.26	48.83	7.54	50	62.83	48.45
23.28	48.9	7.54	50	62.83	49.04
23.3	48.78	7.54	50	62.83	48.51
23.32	48.47	7.54	50	62.83	47.76
23.34	48.31	7.54	50	62.83	47.92
23.36	48.37	7.54	50	62.83	48.51
23.38	48.39	7.54	50	62.83	48.43
23.4	48.23	7.54	50	62.83	47.85
23.42	48.11	7.54	50	62.83	47.83
23.44	48.21	7.54	50	62.83	48.45
23.46	48.11	7.54	50	62.83	47.88
23.48	48.22	7.54	50	62.83	48.46
23.5	48.1	7.54	50	62.83	47.83
23.52	48.2	7.54	50	62.83	48.44
23.54	48.28	7.54	50	62.83	48.45
23.56	48.34	7.54	50	62.83	48.49
23.58	48.2	7.54	50	62.83	47.86
23.6	48.28	7.54	50	62.83	48.47
23.62	48.52	7.54	50	62.83	49.08
23.64	48.52	7.54	50	62.83	48.53
23.66	48.5	7.54	50	62.83	48.45
23.68	48.48	7.54	50	62.83	48.45
23.7	48.65	7.54	50	62.83	49.04
23.72	48.81	7.54	50	62.83	49.17
23.74	48.9	7.54	50	62.83	49.13
23.76	48.95	7.54	50	62.83	49.07
23.78	49.0	7.54	50	62.83	49.11
23.8	48.85	7.54	50	62.83	48.48
23.82	49.1	7.54	50	62.83	49.7
23.84	48.87	7.54	50	62.83	48.33
23.86	48.99	7.54	50	62.83	49.26
23.88	49.02	7.54	50	62.83	49.1
23.9	48.86	7.54	50	62.83	48.48
23.92	48.93	7.54	50	62.83	49.08
23.94	48.8	7.54	50	62.83	48.51
23.96	48.71	7.54	50	62.83	48.48
23.98	48.63	7.54	50	62.83	48.44
24.0	48.59	7.54	50	62.83	48.49
24.02	48.43	7.54	50	62.83	48.05
24.04	48.27	7.54	50	62.83	47.9
24.06	48.17	7.54	50	62.83	47.94
24.08	48.48	7.54	50	62.83	49.21
24.1	48.45	7.54	50	62.83	48.36
24.12	48.47	7.54	50	62.83	48.53
24.14	48.66	7.54	50	62.83	49.12
24.16	48.82	7.54	50	62.83	49.19
24.18	48.89	7.54	50	62.83	49.05
24.2	48.97	7.54	50	62.83	49.15
24.22	48.95	7.54	50	62.83	48.89
24.24	48.85	7.54	50	62.83	48.63
24.26	48.95	7.54	50	62.83	49.19
24.28	49.0	7.54	50	62.83	49.12
24.3	49.03	7.54	50	62.83	49.09
24.32	49.04	7.54	50	62.83	49.05
24.34	48.9	7.54	50	62.83	48.58
24.36	48.97	7.54	50	62.83	49.15
24.38	48.81	7.54	50	62.83	48.43
24.4	48.9	7.54	50	62.83	49.12
24.42	48.95	7.54	50	62.83	49.04
24.44	48.82	7.54	50	62.83	48.53
24.46	48.91	7.54	50	62.83	49.11
24.48	48.97	7.54	50	62.83	49.1
24.5	49.02	7.54	50	62.83	49.13
24.52	49.19	7.54	50	62.83	49.61
24.54	49.2	7.54	50	62.83	49.2
24.56	49.37	7.54	50	62.83	49.77
24.58	49.1	7.54	50	62.83	48.46
24.6	49.1	7.54	50	62.83	49.11
24.62	49.08	7.54	50	62.83	49.04
24.64	48.92	7.54	50	62.83	48.54
24.66	48.98	7.54	50	62.83	49.13
24.68	48.82	7.54	50	62.83	48.45
24.7	48.91	7.54	50	62.83	49.12
24.72	48.73	7.54	50	62.83	48.3
24.74	48.86	7.54	50	62.83	49.17
24.76	48.91	7.54	50	62.83	49.03
24.78	48.82	7.54	50	62.83	48.59
24.8	48.9	7.54	50	62.83	49.11
24.82	48.93	7.54	50	62.83	48.98
24.84	48.95	7.54	50	62.83	49.02
24.86	49.02	7.54	50	62.83	49.19
24.88	48.94	7.54	50	62.83	48.74
24.9	49.05	7.54	50	62.83	49.32
24.92	49.06	7.54	50	62.83	49.08
24.94	49.16	7.54	50	62.83	49.41
24.96	49.18	7.54	50	62.83	49.22
24.98	49.33	7.54	50	62.83	49.68
25.0	49.27	7.54	50	62.83	49.12
25.02	49.31	7.54	50	62.83	49.4
25.04	48.89	7.54	50	62.83	47.92
25.06	49.0	7.54	50	62.83	49.28
25.08	49.07	7.54	50	62.83	49.23
25.1	49.06	7.54	50	62.83	49.03
25.12	48.94	7.54	50	62.83	48.65
25.14	48.76	7.54	50	62.83	48.34
25.16	48.88	7.54	50	62.83	49.16
25.18	48.74	7.54	50	62.83	48.42
25.2	48.85	7.54	50	62.83	49.11
25.22	48.74	7.54	50	62.83	48.48
25.24	48.65	7.54	50	62.83	48.43
25.26	48.44	7.54	50	62.83	47.96
25.28	48.45	7.54	50	62.83	48.47
25.3	48.25	7.54	50	62.83	47.78
25.32	48.14	7.54	50	62.83	47.89
25.34	48.05	7.54	50	62.83	47.84
25.36	47.99	7.54	50	62.83	47.84
25.38	48.13	7.54	50	62.83	48.47
25.4	48.23	7.54	50	62.83	48.46
25.42	48.27	7.54	50	62.83	48.37
25.44	48.36	7.54	50	62.83	48.55
25.46	48.59	7.54	50	62.83	49.13
25.48	48.55	7.54	50	62.83	48.45
25.5	48.53	7.54	50	62.83	48.49
25.52	48.49	7.54	50	62.83	48.38
25.54	48.66	7.54	50	62.83	49.07
25.56	48.44	7.54	50	62.83	47.91
25.58	48.45	7.54	50	62.83	48.49
25.6	48.46	7.54	50	62.83	48.47
25.62	48.46	7.54	50	62.83	48.48
25.64	48.47	7.54	50	62.83	48.47
25.66	48.47	7.54	50	62.83	48.46
25.68	48.66	7.54	50	62.83	49.12
25.7	48.6	7.54	50	62.83	48.47
25.72	48.54	7.54	50	62.83	48.39
25.74	48.71	7.54	50	62.83	49.09
25.76	48.85	7.54	50	62.83	49.19
25.78	48.93	7.54	50	62.83	49.12
25.8	48.98	7.54	50	62.83	49.1
25.82	48.99	7.54	50	62.83	49.02
25.84	49.01	7.54	50	62.83	49.07
25.86	49.07	7.54	50	62.83	49.21
25.88	49.09	7.54	50	62.83	49.12
25.9	48.9	7.54	50	62.83	48.47
25.92	48.75	7.54	50	62.83	48.41
25.94	48.88	7.54	50	62.83	49.18
25.96	48.76	7.54	50	62.83	48.48
25.98	48.86	7.54	50	62.83	49.1
26.0	48.75	7.54	50	62.83	48.48
26.02	48.73	7.54	50	62.83	48.68
26.04	48.75	7.54	50	62.83	48.82
26.06	48.66	7.54	50	62.83	48.44
26.08	48.81	7.54	50	62.83	49.15
26.1	48.86	7.54	50	62.83	48.98
26.12	48.96	7.54	50	62.83	49.21
26.14	48.99	7.54	50	62.83	49.05
26.16	49.04	7.54	50	62.83	49.15
26.18	49.24	7.54	50	62.83	49.71
26.2	49.21	7.54	50	62.83	49.15
26.22	49.36	7.54	50	62.83	49.71
26.24	49.3	7.54	50	62.83	49.17
26.26	49.41	7.54	50	62.83	49.67
26.28	49.35	7.54	50	62.83	49.19
26.3	49.28	7.54	50	62.83	49.12
26.32	49.23	7.54	50	62.83	49.11
26.34	49.19	7.54	50	62.83	49.09
26.36	49.17	7.54	50	62.83	49.15
26.38	48.96	7.54	50	62.83	48.45
26.4	49.0	7.54	50	62.83	49.11
26.42	48.83	7.54	50	62.83	48.43
26.44	48.92	7.54	50	62.83	49.13
26.46	48.77	7.54	50	62.83	48.4
26.48	48.69	7.54	50	62.83	48.52
26.5	48.63	7.54	50	62.83	48.48
26.52	48.57	7.54	50	62.83	48.45
26.54	48.72	7.54	50	62.83	49.05
26.56	48.46	7.54	50	62.83	47.86
26.58	48.45	7.54	50	62.83	48.43
26.6	48.47	7.54	50	62.83	48.52
26.62	48.29	7.54	50	62.83	47.85
26.64	48.34	7.54	50	62.83	48.45
26.66	48.38	7.54	50	62.83	48.49
26.68	48.18	7.54	50	62.83	47.72
26.7	48.3	7.54	50	62.83	48.58
26.72	48.54	7.54	50	62.83	49.11
26.74	48.52	7.54	50	62.83	48.46
26.76	48.48	7.54	50	62.83	48.38
26.78	48.68	7.54	50	62.83	49.15
26.8	48.63	7.54	50	62.83	48.53
26.82	48.77	7.54	50	62.83	49.09
26.84	48.84	7.54	50	62.83	49.02
26.86	48.75	7.54	50	62.83	48.53
26.88	48.85	7.54	50	62.83	49.07
26.9	48.94	7.54	50	62.83	49.16
26.92	49.0	7.54	50	62.83	49.15
26.94	49.03	7.54	50	62.83	49.08
26.96	49.06	7.54	50	62.83	49.14
26.98	49.25	7.54	50	62.83	49.7
27.0	49.41	7.54	50	62.83	49.77
27.02	49.4	7.54	50	62.83	49.4
27.04	49.49	7.54	50	62.83	49.7
27.06	49.69	7.54	50	62.83	50.13
27.08	49.86	7.54	50	62.83	50.28
27.1	49.82	7.54	50	62.83	49.73
27.12	49.84	7.54	50	62.83	49.89
27.14	49.81	7.54	50	62.83	49.72
27.16	49.6	7.54	50	62.83	49.12
27.18	49.64	7.54	50	62.83	49.74
27.2	49.49	7.54	50	62.83	49.14
27.22	49.39	7.54	50	62.83	49.14
27.24	49.1	7.54	50	62.83	48.44
27.26	49.1	7.54	50	62.83	49.09
27.28	49.06	7.54	50	62.83	48.97
27.3	48.92	7.54	50	62.83	48.59
27.32	48.99	7.54	50	62.83	49.15
27.34	49.0	7.54	50	62.83	49.01
27.36	49.05	7.54	50	62.83	49.17
27.38	49.07	7.54	50	62.83	49.13
27.4	48.89	7.54	50	62.83	48.48
27.42	48.96	7.54	50	62.83	49.12
27.44	48.99	7.54	50	62.83	49.05
27.46	49.03	7.54	50	62.83	49.13
27.48	49.05	7.54	50	62.83	49.1
27.5	49.07	7.54	50	62.83	49.11
27.52	49.09	7.54	50	62.83	49.12
27.54	48.89	7.54	50	62.83	48.43
27.56	48.96	7.54	50	62.83	49.13
27.58	49.0	7.54	50	62.83	49.1
27.6	48.85	7.54	50	62.83	48.5
27.62	48.76	7.54	50	62.83	48.55
27.64	48.84	7.54	50	62.83	49.01
27.66	48.53	7.54	50	62.83	47.81
27.68	48.51	7.54	50	62.83	48.48
27.7	48.5	7.54	50	62.83	48.46
27.72	48.31	7.54	50	62.83	47.86
27.74	48.16	7.54	50	62.83	47.83
27.76	48.06	7.54	50	62.83	47.81
27.78	47.97	7.54	50	62.83	47.76
27.8	47.76	7.54	50	62.83	47.29
27.82	47.79	7.54	50	62.83	47.87
27.84	47.56	7.54	50	62.83	47.0
27.86	47.43	7.54	50	62.83	47.14
27.88	47.32	7.54	50	62.83	47.07
27.9	47.15	7.54	50	62.83	46.75
27.92	47.02	7.54	50	62.83	46.73
27.94	47.06	7.54	50	62.83	47.16
27.96	47.09	7.54	50	62.83	47.16
27.98	47.15	7.54	50	62.83	47.28
28.0	47.35	7.54	50	62.83	47.81
28.02	47.57	7.54	50	62.83	48.09
28.04	47.48	7.54	50	62.83	47.27
28.06	47.63	7.54	50	62.83	47.97
28.08	48.09	7.54	50	62.83	49.17
28.1	48.09	7.54	50	62.83	48.09
28.12	48.13	7.54	50	62.83	48.22
28.14	48.22	7.54	50	62.83	48.42
28.16	48.32	7.54	50	62.83	48.57
28.18	48.75	7.54	50	62.83	49.73
28.2	48.83	7.54	50	62.83	49.04
28.22	48.93	7.54	50	62.83	49.15
28.24	48.99	7.54	50	62.83	49.14
28.26	49.21	7.54	50	62.83	49.7
28.28	49.18	7.54	50	62.83	49.13
28.3	49.34	7.54	50	62.83	49.69
28.32	49.29	7.54	50	62.83	49.17
28.34	49.43	7.54	50	62.83	49.77
28.36	49.52	7.54	50	62.83	49.74
28.38	49.59	7.54	50	62.83	49.75
28.4	49.64	7.54	50	62.83	49.75
28.42	49.48	7.54	50	62.83	49.1
28.44	49.75	7.54	50	62.83	50.38
28.46	49.55	7.54	50	62.83	49.08
28.48	49.61	7.54	50	62.83	49.76
28.5	49.45	7.54	50	62.83	49.08
28.52	49.17	7.54	50	62.83	48.51
28.54	49.13	7.54	50	62.83	49.05
28.56	49.14	7.54	50	62.83	49.14
28.58	49.14	7.54	50	62.83	49.16
28.6	49.13	7.54	50	62.83	49.1
28.62	48.93	7.54	50	62.83	48.46
28.64	49.14	7.54	50	62.83	49.62
28.66	48.96	7.54	50	62.83	48.54
28.68	49.03	7.54	50	62.83	49.2
28.7	49.04	7.54	50	62.83	49.05
28.72	49.03	7.54	50	62.83	49.02
28.74	49.08	7.54	50	62.83	49.18
28.76	49.09	7.54	50	62.83	49.14
28.78	49.1	7.54	50	62.83	49.11
28.8	49.07	7.54	50	62.83	49.01
28.82	49.11	7.54	50	62.83	49.2
28.84	49.05	7.54	50	62.83	48.9
28.86	48.93	7.54	50	62.83	48.65
28.88	48.79	7.54	50	62.83	48.48
28.9	48.7	7.54	50	62.83	48.48
28.92	48.62	7.54	50	62.83	48.44
28.94	48.56	7.54	50	62.83	48.42
28.96	48.36	7.54	50	62.83	47.91
28.98	48.38	7.54	50	62.83	48.43
29.0	48.21	7.54	50	62.83	47.81
29.02	48.2	7.54	50	62.83	48.18
29.04	48.07	7.54	50	62.83	47.76
29.06	47.87	7.54	50	62.83	47.39
29.08	48.2	7.54	50	62.83	48.97
29.1	47.91	7.54	50	62.83	47.24
29.12	47.95	7.54	50	62.83	48.05
29.14	47.72	7.54	50	62.83	47.18
29.16	47.74	7.54	50	62.83	47.79
29.18	47.78	7.54	50	62.83	47.88
29.2	47.79	7.54	50	62.83	47.82
29.22	47.82	7.54	50	62.83	47.88
29.24	47.99	7.54	50	62.83	48.39
29.26	47.97	7.54	50	62.83	47.92
29.28	47.92	7.54	50	62.83	47.79
29.3	48.1	7.54	50	62.83	48.51
29.32	48.17	7.54	50	62.83	48.34
29.34	48.3	7.54	50	62.83	48.6
29.36	48.36	7.54	50	62.83	48.5
29.38	48.4	7.54	50	62.83	48.5
29.4	48.6	7.54	50	62.83	49.08
29.42	48.75	7.54	50	62.83	49.11
29.44	48.68	7.54	50	62.83	48.5
29.46	48.99	7.54	50	62.83	49.72
29.48	49.03	7.54	50	62.83	49.13
29.5	49.05	7.54	50	62.83	49.11
29.52	49.26	7.54	50	62.83	49.73
29.54	49.21	7.54	50	62.83	49.1
29.56	49.18	7.54	50	62.83	49.12
29.58	49.35	7.54	50	62.83	49.75
29.6	49.27	7.54	50	62.83	49.07
29.62	49.42	7.54	50	62.83	49.78
29.64	49.33	7.54	50	62.83	49.1
29.66	49.45	7.54	50	62.83	49.74
29.68	49.35	7.54	50	62.83	49.11
29.7	49.47	7.54	50	62.83	49.75
29.72	49.55	7.54	50	62.83	49.76
29.74	49.42	7.54	50	62.83	49.12
29.76	49.52	7.54	50	62.83	49.74
29.78	49.39	7.54	50	62.83	49.08
29.8	49.3	7.54	50	62.83	49.11
29.82	49.22	7.54	50	62.83	49.03
29.84	49.2	7.54	50	62.83	49.15
29.86	48.99	7.54	50	62.83	48.51
29.88	48.87	7.54	50	62.83	48.59
29.9	48.91	7.54	50	62.83	49.0
29.92	48.96	7.54	50	62.83	49.09
29.94	49.01	7.54	50	62.83	49.11
29.96	49.04	7.54	50	62.83	49.11
29.98	48.87	7.54	50	62.83	48.48
30.0	48.94	7.54	50	62.83	49.09
30.02	48.82	7.54	50	62.83	48.56
30.04	48.57	7.54	50	62.83	48.0
30.06	48.59	7.54	50	62.83	48.63
30.08	48.59	7.54	50	62.83	48.59
30.1	48.37	7.54	50	62.83	47.85
30.12	48.43	7.54	50	62.83	48.59
30.14	48.28	7.54	50	62.83	47.91
30.16	48.31	7.54	50	62.83	48.4
30.18	48.15	7.54	50	62.83	47.77
30.2	48.25	7.54	50	62.83	48.48
30.22	48.12	7.54	50	62.83	47.83
30.24	48.05	7.54	50	62.83	47.88
30.26	48.19	7.54	50	62.83	48.52
30.28	48.07	7.54	50	62.83	47.79
30.3	47.99	7.54	50	62.83	47.82
30.32	47.76	7.54	50	62.83	47.22
30.34	47.74	7.54	50	62.83	47.7
30.36	47.83	7.54	50	62.83	48.04
30.38	47.84	7.54	50	62.83	47.86
30.4	47.82	7.54	50	62.83	47.78
30.42	47.62	7.54	50	62.83	47.15
30.44	47.7	7.54	50	62.83	47.89
30.46	47.74	7.54	50	62.83	47.85
30.48	47.76	7.54	50	62.83	47.79
30.5	47.6	7.54	50	62.83	47.22
30.52	47.66	7.54	50	62.83	47.79
30.54	47.69	7.54	50	62.83	47.76
30.56	47.74	7.54	50	62.83	47.86
30.58	47.78	7.54	50	62.83	47.86
30.6	47.79	7.54	50	62.83	47.83
30.62	48.0	7.54	50	62.83	48.48
30.64	48.14	7.54	50	62.83	48.47
30.66	48.41	7.54	50	62.83	49.05
30.68	48.63	7.54	50	62.83	49.13
30.7	48.77	7.54	50	62.83	49.1
30.72	48.88	7.54	50	62.83	49.14
30.74	49.14	7.54	50	62.83	49.76
30.76	49.13	7.54	50	62.83	49.09
30.78	49.32	7.54	50	62.83	49.76
30.8	49.41	7.54	50	62.83	49.64
30.82	49.56	7.54	50	62.83	49.91
30.84	49.49	7.54	50	62.83	49.33
30.86	49.62	7.54	50	62.83	49.91
30.88	49.71	7.54	50	62.83	49.92
30.9	49.72	7.54	50	62.83	49.74
30.92	49.72	7.54	50	62.83	49.71
30.94	49.69	7.54	50	62.83	49.62
30.96	49.73	7.54	50	62.83	49.82
30.98	49.74	7.54	50	62.83	49.76
31.0	49.93	7.54	50	62.83	50.37
31.02	49.94	7.54	50	62.83	49.98
31.04	49.78	7.54	50	62.83	49.4
31.06	50.05	7.54	50	62.83	50.67
31.08	50.15	7.54	50	62.83	50.4
31.1	50.32	7.54	50	62.83	50.72
31.12	50.15	7.54	50	62.83	49.74
31.14	50.04	7.54	50	62.83	49.8
31.16	49.79	7.54	50	62.83	49.19
31.18	49.79	7.54	50	62.83	49.79
31.2	49.59	7.54	50	62.83	49.11
31.22	49.44	7.54	50	62.83	49.11
31.24	49.35	7.54	50	62.83	49.13
31.26	49.46	7.54	50	62.83	49.73
31.28	49.17	7.54	50	62.83	48.47
31.3	49.15	7.54	50	62.83	49.12
31.32	49.13	7.54	50	62.83	49.09
31.34	48.93	7.54	50	62.83	48.46
31.36	48.76	7.54	50	62.83	48.36
31.38	48.71	7.54	50	62.83	48.59
31.4	48.83	7.54	50	62.83	49.11
31.42	48.72	7.54	50	62.83	48.47
31.44	48.65	7.54	50	62.83	48.48
31.46	48.59	7.54	50	62.83	48.45
31.48	48.37	7.54	50	62.83	47.85
31.5	48.4	7.54	50	62.83	48.46
31.52	48.42	7.54	50	62.83	48.47
31.54	48.43	7.54	50	62.83	48.45
31.56	48.25	7.54	50	62.83	47.84
31.58	48.32	7.54	50	62.83	48.47
31.6	48.17	7.54	50	62.83	47.83
31.62	48.07	7.54	50	62.83	47.84
31.64	48.19	7.54	50	62.83	48.46
31.66	48.08	7.54	50	62.83	47.84
31.68	48.01	7.54	50	62.83	47.84
31.7	47.84	7.54	50	62.83	47.43
31.72	47.94	7.54	50	62.83	48.19
31.74	47.91	7.54	50	62.83	47.84
31.76	47.89	7.54	50	62.83	47.86
31.78	47.88	7.54	50	62.83	47.84
31.8	47.87	7.54	50	62.83	47.84
31.82	47.85	7.54	50	62.83	47.82
31.84	47.82	7.54	50	62.83	47.74
31.86	47.81	7.54	50	62.83	47.8
31.88	48.04	7.54	50	62.83	48.58
31.9	47.97	7.54	50	62.83	47.81
31.92	48.32	7.54	50	62.83	49.12
31.94	48.37	7.54	50	62.83	48.5
31.96	48.59	7.54	50	62.83	49.11
31.98	48.75	7.54	50	62.83	49.12
32.0	49.05	7.54	50	62.83	49.75
32.02	49.29	7.54	50	62.83	49.84
32.04	49.16	7.54	50	62.83	48.87
32.06	49.41	7.54	50	62.83	49.99
32.08	49.7	7.54	50	62.83	50.39
32.1	49.64	7.54	50	62.83	49.5
32.12	49.83	7.54	50	62.83	50.27
32.14	49.84	7.54	50	62.83	49.85
32.16	49.65	7.54	50	62.83	49.22
32.18	49.69	7.54	50	62.83	49.76
32.2	49.71	7.54	50	62.83	49.77
32.22	49.72	7.54	50	62.83	49.74
32.24	49.73	7.54	50	62.83	49.76
32.26	49.54	7.54	50	62.83	49.1
32.28	49.6	7.54	50	62.83	49.74
32.3	49.65	7.54	50	62.83	49.76
32.32	49.67	7.54	50	62.83	49.73
32.34	49.7	7.54	50	62.83	49.76
32.36	49.71	7.54	50	62.83	49.72
32.38	49.7	7.54	50	62.83	49.67
32.4	49.54	7.54	50	62.83	49.18
32.42	49.41	7.54	50	62.83	49.12
32.44	49.52	7.54	50	62.83	49.77
32.46	49.2	7.54	50	62.83	48.47
32.48	49.18	7.54	50	62.83	49.11
32.5	49.15	7.54	50	62.83	49.11
32.52	48.95	7.54	50	62.83	48.46
32.54	48.99	7.54	50	62.83	49.11
32.56	48.83	7.54	50	62.83	48.45
32.58	48.73	7.54	50	62.83	48.5
32.6	48.65	7.54	50	62.83	48.45
32.62	48.59	7.54	50	62.83	48.47
32.64	48.56	7.54	50	62.83	48.49
32.66	48.34	7.54	50	62.83	47.82
32.68	48.38	7.54	50	62.83	48.48
32.7	48.41	7.54	50	62.83	48.48
32.72	48.42	7.54	50	62.83	48.45
32.74	48.25	7.54	50	62.83	47.84
32.76	48.31	7.54	50	62.83	48.45
32.78	48.17	7.54	50	62.83	47.84
32.8	48.07	7.54	50	62.83	47.83
32.82	48.18	7.54	50	62.83	48.45
32.84	48.02	7.54	50	62.83	47.64
32.86	48.0	7.54	50	62.83	47.95
32.88	47.95	7.54	50	62.83	47.82
32.9	47.94	7.54	50	62.83	47.93
32.92	48.1	7.54	50	62.83	48.48
32.94	47.83	7.54	50	62.83	47.2
32.96	48.02	7.54	50	62.83	48.46
32.98	47.96	7.54	50	62.83	47.84
33.0	47.92	7.54	50	62.83	47.83
33.02	47.92	7.54	50	62.83	47.91
33.04	47.76	7.54	50	62.83	47.37
33.06	48.01	7.54	50	62.83	48.6
33.08	48.23	7.54	50	62.83	48.75
33.1	48.23	7.54	50	62.83	48.25
33.12	48.31	7.54	50	62.83	48.49
33.14	48.39	7.54	50	62.83	48.57
33.16	48.39	7.54	50	62.83	48.39
33.18	48.44	7.54	50	62.83	48.56
33.2	48.45	7.54	50	62.83	48.48
33.22	48.66	7.54	50	62.83	49.14
33.24	48.79	7.54	50	62.83	49.11
33.26	49.03	7.54	50	62.83	49.58
33.28	49.1	7.54	50	62.83	49.27
33.3	49.3	7.54	50	62.83	49.76
33.32	49.24	7.54	50	62.83	49.11
33.34	49.39	7.54	50	62.83	49.75
33.36	49.5	7.54	50	62.83	49.75
33.38	49.57	7.54	50	62.83	49.74
33.4	49.59	7.54	50	62.83	49.62
33.42	49.67	7.54	50	62.83	49.87
33.44	49.7	7.54	50	62.83	49.75
33.46	49.71	7.54	50	62.83	49.74
33.48	49.72	7.54	50	62.83	49.73
33.5	49.73	7.54	50	62.83	49.77
33.52	49.73	7.54	50	62.83	49.74
33.54	49.73	7.54	50	62.83	49.73
33.56	49.93	7.54	50	62.83	50.4
33.58	49.86	7.54	50	62.83	49.7
33.6	50.03	7.54	50	62.83	50.41
33.62	49.94	7.54	50	62.83	49.75
33.64	50.08	7.54	50	62.83	50.41
33.66	49.98	7.54	50	62.83	49.74
33.68	50.09	7.54	50	62.83	50.36
33.7	49.99	7.54	50	62.83	49.76
33.72	49.91	7.54	50	62.83	49.72
33.74	49.67	7.54	50	62.83	49.11
33.76	49.51	7.54	50	62.83	49.13
33.78	49.38	7.54	50	62.83	49.09
33.8	49.31	7.54	50	62.83	49.13
33.82	49.24	7.54	50	62.83	49.08
33.84	48.98	7.54	50	62.83	48.38
33.86	49.05	7.54	50	62.83	49.21
33.88	48.86	7.54	50	62.83	48.42
33.9	48.71	7.54	50	62.83	48.36
33.92	48.49	7.54	50	62.83	47.96
33.94	48.47	7.54	50	62.83	48.43
33.96	48.29	7.54	50	62.83	47.88
33.98	48.33	7.54	50	62.83	48.41
34.0	48.18	7.54	50	62.83	47.82
34.02	48.31	7.54	50	62.83	48.63
34.04	47.89	7.54	50	62.83	46.9
34.06	47.89	7.54	50	62.83	47.9
34.08	48.07	7.54	50	62.83	48.48
34.1	47.81	7.54	50	62.83	47.2
34.12	47.84	7.54	50	62.83	47.9
34.14	47.85	7.54	50	62.83	47.88
34.16	47.85	7.54	50	62.83	47.84
34.18	47.84	7.54	50	62.83	47.81
34.2	47.85	7.54	50	62.83	47.87
34.22	47.78	7.54	50	62.83	47.63
34.24	47.81	7.54	50	62.83	47.88
34.26	47.66	7.54	50	62.83	47.31
34.28	47.72	7.54	50	62.83	47.85
34.3	47.76	7.54	50	62.83	47.84
34.32	47.78	7.54	50	62.83	47.83
34.34	47.8	7.54	50	62.83	47.84
34.36	47.8	7.54	50	62.83	47.81
34.38	47.81	7.54	50	62.83	47.84
34.4	47.82	7.54	50	62.83	47.85
34.42	47.98	7.54	50	62.83	48.36
34.44	47.97	7.54	50	62.83	47.94
34.46	48.12	7.54	50	62.83	48.48
34.48	48.23	7.54	50	62.83	48.47
34.5	48.11	7.54	50	62.83	47.84
34.52	48.4	7.54	50	62.83	49.09
34.54	48.61	7.54	50	62.83	49.1
34.56	48.96	7.54	50	62.83	49.76
34.58	49.0	7.54	50	62.83	49.09
34.6	49.23	7.54	50	62.83	49.78
34.62	49.38	7.54	50	62.83	49.72
34.64	49.28	7.54	50	62.83	49.07
34.66	49.44	7.54	50	62.83	49.79
34.68	49.53	7.54	50	62.83	49.74
34.7	49.6	7.54	50	62.83	49.76
34.72	49.63	7.54	50	62.83	49.72
34.74	49.67	7.54	50	62.83	49.76
34.76	49.51	7.54	50	62.83	49.12
34.78	49.77	7.54	50	62.83	50.37
34.8	49.76	7.54	50	62.83	49.76
34.82	49.93	7.54	50	62.83	50.32
34.84	49.82	7.54	50	62.83	49.56
34.86	50.0	7.54	50	62.83	50.43
34.88	49.96	7.54	50	62.83	49.87
34.9	50.09	7.54	50	62.83	50.4
34.92	50.15	7.54	50	62.83	50.29
34.94	50.26	7.54	50	62.83	50.5
34.96	50.29	7.54	50	62.83	50.38
34.98	50.13	7.54	50	62.83	49.74
35.0	50.02	7.54	50	62.83	49.76
35.02	49.95	7.54	50	62.83	49.8
35.04	49.61	7.54	50	62.83	48.8
35.06	49.3	7.54	50	62.83	48.6
35.08	49.45	7.54	50	62.83	49.77
35.1	49.31	7.54	50	62.83	49.0
35.12	49.26	7.54	50	62.83	49.12
35.14	49.05	7.54	50	62.83	48.57
35.16	49.07	7.54	50	62.83	49.13
35.18	48.88	7.54	50	62.83	48.43
35.2	48.77	7.54	50	62.83	48.51
35.22	48.85	7.54	50	62.83	49.04
35.24	48.75	7.54	50	62.83	48.51
35.26	48.68	7.54	50	62.83	48.51
35.28	48.61	7.54	50	62.83	48.45
35.3	48.57	7.54	50	62.83	48.49
35.32	48.52	7.54	50	62.83	48.4
35.34	48.52	7.54	50	62.83	48.52
35.36	48.5	7.54	50	62.83	48.46
35.38	48.29	7.54	50	62.83	47.81
35.4	48.36	7.54	50	62.83	48.51
35.42	48.18	7.54	50	62.83	47.75
35.44	48.25	7.54	50	62.83	48.41
35.46	48.17	7.54	50	62.83	47.97
35.48	48.06	7.54	50	62.83	47.82
35.5	48.0	7.54	50	62.83	47.84
35.52	48.11	7.54	50	62.83	48.39
35.54	48.04	7.54	50	62.83	47.86
35.56	47.99	7.54	50	62.83	47.87
35.58	48.1	7.54	50	62.83	48.36
35.6	48.05	7.54	50	62.83	47.93
35.62	48.15	7.54	50	62.83	48.4
35.64	48.26	7.54	50	62.83	48.51
35.66	48.13	7.54	50	62.83	47.83
35.68	48.41	7.54	50	62.83	49.04
35.7	48.45	7.54	50	62.83	48.56
35.72	48.46	7.54	50	62.83	48.46
35.74	48.46	7.54	50	62.83	48.48
35.76	48.47	7.54	50	62.83	48.49
35.78	48.53	7.54	50	62.83	48.68
35.8	48.43	7.54	50	62.83	48.2
35.82	48.66	7.54	50	62.83	49.18
35.84	48.76	7.54	50	62.83	49.0
35.86	48.89	7.54	50	62.83	49.18
35.88	49.14	7.54	50	62.83	49.74
35.9	49.14	7.54	50	62.83	49.13
35.92	49.32	7.54	50	62.83	49.74
35.94	49.42	7.54	50	62.83	49.64
35.96	49.55	7.54	50	62.83	49.86
35.98	49.6	7.54	50	62.83	49.72
36.0	49.84	7.54	50	62.83	50.4
36.02	49.83	7.54	50	62.83	49.79
36.04	49.67	7.54	50	62.83	49.32
36.06	49.8	7.54	50	62.83	50.11
36.08	50.02	7.54	50	62.83	50.53
36.1	50.04	7.54	50	62.83	50.08
36.12	49.96	7.54	50	62.83	49.76
36.14	50.11	7.54	50	62.83	50.46
36.16	50.2	7.54	50	62.83	50.4
36.18	50.29	7.54	50	62.83	50.52
36.2	50.29	7.54	50	62.83	50.29
36.22	50.13	7.54	50	62.83	49.77
36.24	50.2	7.54	50	62.83	50.36
36.26	50.26	7.54	50	62.83	50.4
36.28	50.09	7.54	50	62.83	49.7
36.3	50.0	7.54	50	62.83	49.78
36.32	49.73	7.54	50	62.83	49.11
36.34	49.55	7.54	50	62.83	49.11
36.36	49.23	7.54	50	62.83	48.48
36.38	49.0	7.54	50	62.83	48.46
36.4	48.84	7.54	50	62.83	48.48
36.42	48.73	7.54	50	62.83	48.48
36.44	48.46	7.54	50	62.83	47.82
36.46	48.43	7.54	50	62.83	48.35
36.48	48.09	7.54	50	62.83	47.3
36.5	48.21	7.54	50	62.83	48.5
36.52	47.9	7.54	50	62.83	47.19
36.54	47.87	7.54	50	62.83	47.8
36.56	47.87	7.54	50	62.83	47.85
36.58	47.86	7.54	50	62.83	47.83
36.6	47.66	7.54	50	62.83	47.2
36.62	47.71	7.54	50	62.83	47.83
36.64	47.74	7.54	50	62.83	47.79
36.66	47.58	7.54	50	62.83	47.21
36.68	47.64	7.54	50	62.83	47.8
36.7	47.52	7.54	50	62.83	47.23
36.72	47.62	7.54	50	62.83	47.85
36.74	47.49	7.54	50	62.83	47.18
36.76	47.59	7.54	50	62.83	47.84
36.78	47.66	7.54	50	62.83	47.81
36.8	47.53	7.54	50	62.83	47.21
36.82	47.61	7.54	50	62.83	47.82
36.84	47.65	7.54	50	62.83	47.72
36.86	47.73	7.54	50	62.83	47.92
36.88	47.76	7.54	50	62.83	47.83
36.9	47.73	7.54	50	62.83	47.67
36.92	47.76	7.54	50	62.83	47.81
36.94	47.99	7.54	50	62.83	48.54
36.96	47.94	7.54	50	62.83	47.82
36.98	47.94	7.54	50	62.83	47.92
37.0	48.11	7.54	50	62.83	48.5
37.02	48.26	7.54	50	62.83	48.61
37.04	48.22	7.54	50	62.83	48.14
37.06	48.34	7.54	50	62.83	48.6
37.08	48.57	7.54	50	62.83	49.1
37.1	48.68	7.54	50	62.83	48.96
37.12	48.62	7.54	50	62.83	48.48
37.14	48.79	7.54	50	62.83	49.17
37.16	48.91	7.54	50	62.83	49.19
37.18	49.12	7.54	50	62.83	49.62
37.2	49.34	7.54	50	62.83	49.84
37.22	49.45	7.54	50	62.83	49.73
37.24	49.55	7.54	50	62.83	49.77
37.26	49.6	7.54	50	62.83	49.72
37.28	49.63	7.54	50	62.83	49.69
37.3	49.68	7.54	50	62.83	49.8
37.32	49.73	7.54	50	62.83	49.83
37.34	49.89	7.54	50	62.83	50.27
37.36	50.05	7.54	50	62.83	50.42
37.38	49.96	7.54	50	62.83	49.77
37.4	50.1	7.54	50	62.83	50.43
37.42	50.19	7.54	50	62.83	50.39
37.44	50.05	7.54	50	62.83	49.72
37.46	50.16	7.54	50	62.83	50.4
37.48	50.17	7.54	50	62.83	50.2
37.5	49.9	7.54	50	62.83	49.27
37.52	50.04	7.54	50	62.83	50.38
37.54	49.95	7.54	50	62.83	49.72
37.56	49.89	7.54	50	62.83	49.76
37.58	49.83	7.54	50	62.83	49.71
37.6	49.64	7.54	50	62.83	49.2
37.62	49.67	7.54	50	62.83	49.72
37.64	49.5	7.54	50	62.83	49.11
37.66	49.18	7.54	50	62.83	48.44
37.68	48.95	7.54	50	62.83	48.4
37.7	48.82	7.54	50	62.83	48.53
37.72	48.52	7.54	50	62.83	47.83
37.74	48.32	7.54	50	62.83	47.84
37.76	48.18	7.54	50	62.83	47.85
37.78	48.25	7.54	50	62.83	48.43
37.8	47.95	7.54	50	62.83	47.24
37.82	48.11	7.54	50	62.83	48.47
37.84	47.99	7.54	50	62.83	47.71
37.86	47.77	7.54	50	62.83	47.26
37.88	47.77	7.54	50	62.83	47.78
37.9	47.82	7.54	50	62.83	47.93
37.92	47.83	7.54	50	62.83	47.84
37.94	47.63	7.54	50	62.83	47.18
37.96	47.69	7.54	50	62.83	47.82
37.98	47.51	7.54	50	62.83	47.09
38.0	47.64	7.54	50	62.83	47.96
38.02	47.53	7.54	50	62.83	47.26
38.04	47.35	7.54	50	62.83	46.92
38.06	47.49	7.54	50	62.83	47.84
38.08	47.63	7.54	50	62.83	47.95
38.1	47.66	7.54	50	62.83	47.71
38.12	47.72	7.54	50	62.83	47.86
38.14	47.98	7.54	50	62.83	48.59
38.16	48.11	7.54	50	62.83	48.43
38.18	48.23	7.54	50	62.83	48.48
38.2	48.3	7.54	50	62.83	48.48
38.22	48.18	7.54	50	62.83	47.91
38.24	48.26	7.54	50	62.83	48.44
38.26	48.33	7.54	50	62.83	48.48
38.28	48.37	7.54	50	62.83	48.48
38.3	48.4	7.54	50	62.83	48.47
38.32	48.41	7.54	50	62.83	48.44
38.34	48.43	7.54	50	62.83	48.46
38.36	48.26	7.54	50	62.83	47.88
38.38	48.32	7.54	50	62.83	48.46
38.4	48.35	7.54	50	62.83	48.41
38.42	48.6	7.54	50	62.83	49.17
38.44	48.55	7.54	50	62.83	48.43
38.46	48.92	7.54	50	62.83	49.78
38.48	48.97	7.54	50	62.83	49.1
38.5	49.17	7.54	50	62.83	49.62
38.52	49.37	7.54	50	62.83	49.86
38.54	49.49	7.54	50	62.83	49.75
38.56	49.57	7.54	50	62.83	49.75
38.58	49.81	7.54	50	62.83	50.37
38.6	49.79	7.54	50	62.83	49.76
38.62	49.78	7.54	50	62.83	49.75
38.64	49.95	7.54	50	62.83	50.35
38.66	49.89	7.54	50	62.83	49.75
38.68	49.85	7.54	50	62.83	49.75
38.7	49.81	7.54	50	62.83	49.71
38.72	49.8	7.54	50	62.83	49.79
38.74	49.96	7.54	50	62.83	50.33
38.76	49.72	7.54	50	62.83	49.14
38.78	49.73	7.54	50	62.83	49.77
38.8	49.72	7.54	50	62.83	49.69
38.82	49.54	7.54	50	62.83	49.12
38.84	49.55	7.54	50	62.83	49.56
38.86	49.27	7.54	50	62.83	48.64
38.88	49.23	7.54	50	62.83	49.11
38.9	49.08	7.54	50	62.83	48.75
38.92	48.84	7.54	50	62.83	48.27
38.94	48.68	7.54	50	62.83	48.31
38.96	48.46	7.54	50	62.83	47.93
38.98	48.27	7.54	50	62.83	47.84
39.0	48.03	7.54	50	62.83	47.48
39.02	48.1	7.54	50	62.83	48.25
39.04	47.95	7.54	50	62.83	47.61
39.06	48.16	7.54	50	62.83	48.66
39.08	48.24	7.54	50	62.83	48.43
39.1	48.25	7.54	50	62.83	48.25
39.12	47.95	7.54	50	62.83	47.26
39.14	47.92	7.54	50	62.83	47.85
39.16	47.74	7.54	50	62.83	47.33
39.18	47.76	7.54	50	62.83	47.78
39.2	47.76	7.54	50	62.83	47.77
39.22	47.79	7.54	50	62.83	47.87
39.24	47.59	7.54	50	62.83	47.13
39.26	47.66	7.54	50	62.83	47.81
39.28	47.73	7.54	50	62.83	47.91
39.3	47.75	7.54	50	62.83	47.8
39.32	47.79	7.54	50	62.83	47.87
39.34	47.8	7.54	50	62.83	47.81
39.36	47.81	7.54	50	62.83	47.86
39.38	47.78	7.54	50	62.83	47.68
39.4	47.99	7.54	50	62.83	48.48
39.42	48.15	7.54	50	62.83	48.54
time	rpm	volt	inp	pwm	raw
0.0	8.57	7.54	50	62.83	28.55
0.02	3.62	7.54	50	62.83	-7.92
0.04	12.69	7.54	50	62.83	33.84
0.06	21.52	7.54	50	62.83	42.13
0.08	28.83	7.54	50	62.83	45.9
0.1	34.35	7.54	50	62.83	47.22
0.12	38.59	7.54	50	62.83	48.47
0.14	41.74	7.54	50	62.83	49.08
0.16	43.94	7.54	50	62.83	49.09
0.18	45.7	7.54	50	62.83	49.79
0.2	46.92	7.54	50	62.83	49.76
0.22	47.58	7.54	50	62.83	49.12
0.24	48.21	7.54	50	62.83	49.68
0.26	48.69	7.54	50	62.83	49.8
0.28	49.0	7.54	50	62.83	49.75
0.3	49.23	7.54	50	62.83	49.75
0.32	49.38	7.54	50	62.83	49.73
0.34	49.48	7.54	50	62.83	49.71
0.36	49.76	7.54	50	62.83	50.42
0.38	49.95	7.54	50	62.83	50.38
0.4	49.89	7.54	50	62.83	49.75
0.42	50.04	7.54	50	62.83	50.38
0.44	50.14	7.54	50	62.83	50.37
0.46	50.21	7.54	50	62.83	50.39
0.48	50.07	7.54	50	62.83	49.74
0.5	49.97	7.54	50	62.83	49.74
0.52	49.91	7.54	50	62.83	49.75
0.54	50.05	7.54	50	62.83	50.38
0.56	49.96	7.54	50	62.83	49.76
0.58	49.89	7.54	50	62.83	49.71
0.6	49.85	7.54	50	62.83	49.76
0.62	49.83	7.54	50	62.83	49.78
0.64	49.6	7.54	50	62.83	49.08
0.66	49.63	7.54	50	62.83	49.68
0.68	49.49	7.54	50	62.83	49.16
0.7	49.57	7.54	50	62.83	49.76
0.72	49.43	7.54	50	62.83	49.11
0.74	49.52	7.54	50	62.83	49.74
0.76	49.38	7.54	50	62.83	49.06
0.78	49.31	7.54	50	62.83	49.15
0.8	49.45	7.54	50	62.83	49.76
0.82	49.33	7.54	50	62.83	49.07
0.84	49.27	7.54	50	62.83	49.14
0.86	49.23	7.54	50	62.83	49.12
0.88	49.0	7.54	50	62.83	48.46
0.9	48.82	7.54	50	62.83	48.41
0.92	48.92	7.54	50	62.83	49.17
0.94	48.98	7.54	50	62.83	49.11
0.96	48.82	7.54	50	62.83	48.46
0.98	48.91	7.54	50	62.83	49.1
1.0	48.97	0.6	25	5.0	49.11
1.02	48.72	0.6	25	5.0	48.13
1.04	47.34	0.6	25	5.0	44.12
1.06	45.58	0.6	25	5.0	41.49
1.08	43.41	0.6	25	5.0	38.34
1.1	41.12	0.6	25	5.0	35.77
1.12	38.93	0.6	25	5.0	33.82
1.14	36.62	0.6	25	5.0	31.25
1.16	34.24	0.6	25	5.0	28.66
1.18	32.2	0.6	25	5.0	27.45
1.2	30.2	0.6	25	5.0	25.52
1.22	28.41	0.6	25	5.0	24.23
1.24	26.96	0.6	25	5.0	23.6
1.26	25.76	0.6	25	5.0	22.94
1.28	24.75	0.6	25	5.0	22.39
1.3	24.0	0.6	25	5.0	22.25
1.32	23.5	0.6	25	5.0	22.35
1.34	22.96	0.6	25	5.0	21.69
1.36	22.58	0.6	25	5.0	21.69
1.38	22.5	0.6	25	5.0	22.32
1.4	22.26	0.6	25	5.0	21.71
1.42	22.27	0.6	25	5.0	22.29
1.44	22.1	0.6	25	5.0	21.68
1.46	22.16	0.6	25	5.0	22.32
1.48	22.02	0.6	25	5.0	21.68
1.5	22.11	0.6	25	5.0	22.32
1.52	22.17	0.6	25	5.0	22.33
1.54	22.02	0.6	25	5.0	21.66
1.56	22.12	0.6	25	5.0	22.34
1.58	22.18	0.6	25	5.0	22.33
1.6	22.03	0.6	25	5.0	21.67
1.62	22.12	0.6	25	5.0	22.33
1.64	21.99	0.6	25	5.0	21.68
1.66	22.09	0.6	25	5.0	22.32
1.68	22.16	0.6	25	5.0	22.32
1.7	22.4	0.6	25	5.0	22.96
1.72	22.38	0.6	25	5.0	22.32
1.74	22.55	0.6	25	5.0	22.96
1.76	22.48	0.6	25	5.0	22.32
1.78	22.62	0.6	25	5.0	22.93
1.8	22.73	0.6	25	5.0	22.98
1.82	22.8	0.6	25	5.0	22.97
1.84	22.85	0.6	25	5.0	22.96
1.86	22.69	0.6	25	5.0	22.32
1.88	22.77	0.6	25	5.0	22.96
1.9	22.81	0.6	25	5.0	22.91
1.92	22.87	0.6	25	5.0	23.01
1.94	22.7	0.6	25	5.0	22.32
1.96	22.95	0.6	25	5.0	23.52
1.98	22.77	0.6	25	5.0	22.36
2.0	22.84	7.54	50	62.83	22.99
2.02	24.73	7.54	50	62.83	29.16
2.04	29.2	7.54	50	62.83	39.63
2.06	33.84	7.54	50	62.83	44.65
2.08	38.07	7.54	50	62.83	47.93
2.1	41.4	7.54	50	62.83	49.18
2.12	43.91	7.54	50	62.83	49.77
2.14	45.46	7.54	50	62.83	49.08
2.16	46.56	7.54	50	62.83	49.12
2.18	47.49	7.54	50	62.83	49.67
2.2	47.81	7.54	50	62.83	48.54
2.22	48.2	7.54	50	62.83	49.12
2.24	48.5	7.54	50	62.83	49.19
2.26	48.66	7.54	50	62.83	49.03
2.28	48.78	7.54	50	62.83	49.08
2.3	48.69	7.54	50	62.83	48.49
2.32	48.82	7.54	50	62.83	49.12
2.34	48.72	7.54	50	62.83	48.47
2.36	48.64	7.54	50	62.83	48.47
2.38	48.59	7.54	50	62.83	48.47
2.4	48.55	7.54	50	62.83	48.47
2.42	48.53	7.54	50	62.83	48.47
2.44	48.51	7.54	50	62.83	48.47
2.46	48.31	7.54	50	62.83	47.84
2.48	48.36	7.54	50	62.83	48.48
2.5	48.39	7.54	50	62.83	48.45
2.52	48.42	7.54	50	62.83	48.48
2.54	48.46	7.54	50	62.83	48.58
2.56	48.43	7.54	50	62.83	48.35
2.58	48.6	7.54	50	62.83	49.0
2.6	48.59	7.54	50	62.83	48.57
2.62	48.74	7.54	50	62.83	49.1
2.64	48.67	7.54	50	62.83	48.49
2.66	48.8	7.54	50	62.83	49.1
2.68	48.89	7.54	50	62.83	49.12
2.7	48.96	7.54	50	62.83	49.1
2.72	49.0	7.54	50	62.83	49.11
2.74	49.03	7.54	50	62.83	49.11
2.76	49.25	7.54	50	62.83	49.75
2.78	49.4	7.54	50	62.83	49.74
2.8	49.31	7.54	50	62.83	49.1
2.82	49.43	7.54	50	62.83	49.73
2.84	49.55	7.54	50	62.83	49.84
2.86	49.59	7.54	50	62.83	49.67
2.88	49.83	7.54	50	62.83	50.38
2.9	49.59	7.54	50	62.83	49.04
2.92	49.65	7.54	50	62.83	49.8
2.94	49.68	7.54	50	62.83	49.75
2.96	49.88	7.54	50	62.83	50.34
2.98	49.99	7.54	50	62.83	50.26
3.0	50.12	0.6	25	5.0	50.42
3.02	49.88	0.6	25	5.0	49.33
3.04	48.67	0.6	25	5.0	45.84
3.06	47.24	0.6	25	5.0	43.9
3.08	45.39	0.6	25	5.0	41.09
3.1	43.28	0.6	25	5.0	38.33
3.12	41.21	0.6	25	5.0	36.39
3.14	39.18	0.6	25	5.0	34.43
3.16	36.98	0.6	25	5.0	31.86
3.18	35.27	0.6	25	5.0	31.28
3.2	33.49	0.6	25	5.0	29.33
3.22	31.85	0.6	25	5.0	28.02
3.24	30.33	0.6	25	5.0	26.8
3.26	28.9	0.6	25	5.0	25.55
3.28	27.69	0.6	25	5.0	24.88
3.3	26.83	0.6	25	5.0	24.82
3.32	25.87	0.6	25	5.0	23.63
3.34	25.19	0.6	25	5.0	23.61
3.36	24.7	0.6	25	5.0	23.57
3.38	24.19	0.6	25	5.0	22.99
3.4	23.82	0.6	25	5.0	22.96
3.42	23.56	0.6	25	5.0	22.96
3.44	23.38	0.6	25	5.0	22.96
3.46	23.05	0.6	25	5.0	22.29
3.48	22.84	0.6	25	5.0	22.35
3.5	22.69	0.6	25	5.0	22.32
3.52	22.77	0.6	25	5.0	22.95
3.54	22.44	0.6	25	5.0	21.69
3.56	22.4	0.6	25	5.0	22.3
3.58	22.38	0.6	25	5.0	22.35
3.6	22.17	0.6	25	5.0	21.68
3.62	22.22	0.6	25	5.0	22.32
3.64	22.05	0.6	25	5.0	21.67
3.66	22.14	0.6	25	5.0	22.33
3.68	22.0	0.6	25	5.0	21.69
3.7	21.91	0.6	25	5.0	21.68
3.72	22.03	0.6	25	5.0	22.33
3.74	21.93	0.6	25	5.0	21.68
3.76	21.86	0.6	25	5.0	21.69
3.78	21.8	0.6	25	5.0	21.68
3.8	21.77	0.6	25	5.0	21.69
3.82	21.73	0.6	25	5.0	21.65
3.84	21.72	0.6	25	5.0	21.7
3.86	21.72	0.6	25	5.0	21.7
3.88	21.52	0.6	25	5.0	21.05
3.9	21.55	0.6	25	5.0	21.64
3.92	21.6	0.6	25	5.0	21.72
3.94	21.62	0.6	25	5.0	21.67
3.96	21.65	0.6	25	5.0	21.7
3.98	21.85	0.6	25	5.0	22.32
4.0	21.61	7.54	50	62.83	21.04
4.02	23.46	7.54	50	62.83	27.78
4.04	27.63	7.54	50	62.83	37.38
4.06	32.0	7.54	50	62.83	42.19
4.08	36.02	7.54	50	62.83	45.39
4.1	39.0	7.54	50	62.83	45.95
4.12	41.5	7.54	50	62.83	47.35
4.14	43.21	7.54	50	62.83	47.2
4.16	44.59	7.54	50	62.83	47.8
4.18	45.39	7.54	50	62.83	47.27
4.2	46.14	7.54	50	62.83	47.89
4.22	46.44	7.54	50	62.83	47.12
4.24	46.86	7.54	50	62.83	47.83
4.26	47.14	7.54	50	62.83	47.81
4.28	47.55	7.54	50	62.83	48.49
4.3	47.83	7.54	50	62.83	48.49
4.32	47.99	7.54	50	62.83	48.38
4.34	48.18	7.54	50	62.83	48.61
4.36	48.24	7.54	50	62.83	48.38
4.38	48.33	7.54	50	62.83	48.54
4.4	48.74	7.54	50	62.83	49.71
4.42	48.66	7.54	50	62.83	48.48
4.44	48.81	7.54	50	62.83	49.14
4.46	48.9	7.54	50	62.83	49.1
4.48	48.95	7.54	50	62.83	49.07
4.5	49.19	7.54	50	62.83	49.77
4.52	49.17	7.54	50	62.83	49.1
4.54	49.34	7.54	50	62.83	49.73
4.56	49.28	7.54	50	62.83	49.14
4.58	49.41	7.54	50	62.83	49.73
4.6	49.32	7.54	50	62.83	49.11
4.62	49.45	7.54	50	62.83	49.76
4.64	49.35	7.54	50	62.83	49.12
4.66	49.41	7.54	50	62.83	49.56
4.68	49.37	7.54	50	62.83	49.28
4.7	49.49	7.54	50	62.83	49.75
4.72	49.38	7.54	50	62.83	49.12
4.74	49.3	7.54	50	62.83	49.11
4.76	49.23	7.54	50	62.83	49.07
4.78	49.01	7.54	50	62.83	48.5
4.8	49.03	7.54	50	62.83	49.09
4.82	49.06	7.54	50	62.83	49.13
4.84	48.87	7.54	50	62.83	48.44
4.86	48.94	7.54	50	62.83	49.1
4.88	49.0	7.54	50	62.83	49.13
4.9	48.97	7.54	50	62.83	48.9
4.92	48.87	7.54	50	62.83	48.62
4.94	48.94	7.54	50	62.83	49.12
4.96	48.99	7.54	50	62.83	49.09
4.98	49.02	7.54	50	62.83	49.09
5.0	49.05	0.6	25	5.0	49.14
5.02	48.73	0.6	25	5.0	47.97
5.04	47.47	0.6	25	5.0	44.53
5.06	45.9	0.6	25	5.0	42.24
5.08	44.24	0.6	25	5.0	40.36
5.1	42.06	0.6	25	5.0	36.98
5.12	39.99	0.6	25	5.0	35.15
5.14	37.75	0.6	25	5.0	32.53
5.16	35.6	0.6	25	5.0	30.58
5.18	33.51	0.6	25	5.0	28.64
5.2	31.52	0.6	25	5.0	26.87
5.22	29.72	0.6	25	5.0	25.53
5.24	28.27	0.6	25	5.0	24.86
5.26	26.87	0.6	25	5.0	23.61
5.28	25.7	0.6	25	5.0	22.97
5.3	24.68	0.6	25	5.0	22.31
5.32	23.98	0.6	25	5.0	22.32
5.34	23.45	0.6	25	5.0	22.23
5.36	22.95	0.6	25	5.0	21.76
5.38	22.75	0.6	25	5.0	22.3
5.4	22.44	0.6	25	5.0	21.7
5.42	22.41	0.6	25	5.0	22.34
5.44	22.19	0.6	25	5.0	21.68
5.46	22.04	0.6	25	5.0	21.68
5.48	21.93	0.6	25	5.0	21.69
5.5	22.05	0.6	25	5.0	22.31
5.52	21.94	0.6	25	5.0	21.7
5.54	22.06	0.6	25	5.0	22.32
5.56	21.94	0.6	25	5.0	21.67
5.58	22.06	0.6	25	5.0	22.34
5.6	22.13	0.6	25	5.0	22.31
5.62	22.19	0.6	25	5.0	22.33
5.64	22.23	0.6	25	5.0	22.32
5.66	22.26	0.6	25	5.0	22.32
5.68	22.28	0.6	25	5.0	22.35
5.7	22.28	0.6	25	5.0	22.28
5.72	22.3	0.6	25	5.0	22.35
5.74	22.11	0.6	25	5.0	21.68
5.76	22.18	0.6	25	5.0	22.33
5.78	22.22	0.6	25	5.0	22.32
5.8	22.06	0.6	25	5.0	21.68
5.82	22.14	0.6	25	5.0	22.32
5.84	22.0	0.6	25	5.0	21.68
5.86	22.08	0.6	25	5.0	22.27
5.88	22.16	0.6	25	5.0	22.36
5.9	22.19	0.6	25	5.0	22.26
5.92	22.06	0.6	25	5.0	21.74
5.94	22.14	0.6	25	5.0	22.34
5.96	22.18	0.6	25	5.0	22.26
5.98	22.24	0.6	25	5.0	22.37
6.0	22.26	7.54	50	62.83	22.3
6.02	23.8	7.54	50	62.83	27.41
6.04	27.77	7.54	50	62.83	37.03
6.06	32.05	7.54	50	62.83	42.03
6.08	36.0	7.54	50	62.83	45.22
6.1	39.18	7.54	50	62.83	46.61
6.12	41.81	7.54	50	62.83	47.94
6.14	43.63	7.54	50	62.83	47.87
6.16	44.88	7.54	50	62.83	47.82
6.18	45.9	7.54	50	62.83	48.28
6.2	46.74	7.54	50	62.83	48.68
6.22	47.27	7.54	50	62.83	48.52
6.24	47.63	7.54	50	62.83	48.46
6.26	47.88	7.54	50	62.83	48.48
6.28	48.06	7.54	50	62.83	48.48
6.3	48.18	7.54	50	62.83	48.45
6.32	48.46	7.54	50	62.83	49.12
6.34	48.46	7.54	50	62.83	48.46
6.36	48.45	7.54	50	62.83	48.41
6.38	48.47	7.54	50	62.83	48.53
6.4	48.48	7.54	50	62.83	48.49
6.42	48.66	7.54	50	62.83	49.1
6.44	48.61	7.54	50	62.83	48.47
6.46	48.55	7.54	50	62.83	48.41
6.48	48.54	7.54	50	62.83	48.52
6.5	48.71	7.54	50	62.83	49.13
6.52	48.64	7.54	50	62.83	48.46
6.54	48.78	7.54	50	62.83	49.13
6.56	48.67	7.54	50	62.83	48.4
6.58	48.81	7.54	50	62.83	49.15
6.6	48.71	7.54	50	62.83	48.48
6.62	48.83	7.54	50	62.83	49.11
6.64	48.92	7.54	50	62.83	49.12
6.66	48.95	7.54	50	62.83	49.04
6.68	48.83	7.54	50	62.83	48.53
6.7	48.91	7.54	50	62.83	49.12
6.72	48.96	7.54	50	62.83	49.05
6.74	48.82	7.54	50	62.83	48.52
6.76	48.91	7.54	50	62.83	49.11
6.78	48.95	7.54	50	62.83	49.04
6.8	48.82	7.54	50	62.83	48.52
6.82	48.72	7.54	50	62.83	48.48
6.84	48.64	7.54	50	62.83	48.47
6.86	48.59	7.54	50	62.83	48.46
6.88	48.72	7.54	50	62.83	49.02
6.9	48.83	7.54	50	62.83	49.07
6.92	48.94	7.54	50	62.83	49.2
6.94	48.8	7.54	50	62.83	48.49
6.96	48.89	7.54	50	62.83	49.07
6.98	48.96	7.54	50	62.83	49.14
7.0	49.01	0.6	25	5.0	49.12
7.02	48.5	0.6	25	5.0	47.32
7.04	47.03	0.6	25	5.0	43.6
7.06	45.23	0.6	25	5.0	41.04
7.08	42.95	0.6	25	5.0	37.62
7.1	40.56	0.6	25	5.0	34.99
7.12	38.15	0.6	25	5.0	32.54
7.14	35.53	0.6	25	5.0	29.42
7.16	33.1	0.6	25	5.0	27.41
7.18	30.63	0.6	25	5.0	24.88
7.2	28.62	0.6	25	5.0	23.94
7.22	27.11	0.6	25	5.0	23.57
7.24	25.67	0.6	25	5.0	22.31
7.26	24.67	0.6	25	5.0	22.33
7.28	23.77	0.6	25	5.0	21.69
7.3	23.14	0.6	25	5.0	21.66
7.32	22.91	0.6	25	5.0	22.38
7.34	22.55	0.6	25	5.0	21.7
7.36	22.28	0.6	25	5.0	21.66
7.38	22.09	0.6	25	5.0	21.65
7.4	21.79	0.6	25	5.0	21.07
7.42	21.76	0.6	25	5.0	21.7
7.44	21.73	0.6	25	5.0	21.67
7.46	21.52	0.6	25	5.0	21.03
7.48	21.57	0.6	25	5.0	21.7
7.5	21.42	0.6	25	5.0	21.04
7.52	21.49	0.6	25	5.0	21.68
7.54	21.56	0.6	25	5.0	21.7
7.56	21.59	0.6	25	5.0	21.67
7.58	21.43	0.6	25	5.0	21.07
7.6	21.51	0.6	25	5.0	21.69
7.62	21.36	0.6	25	5.0	20.99
7.64	21.46	0.6	25	5.0	21.71
7.66	21.53	0.6	25	5.0	21.67
7.68	21.57	0.6	25	5.0	21.67
7.7	21.79	0.6	25	5.0	22.29
7.72	21.77	0.6	25	5.0	21.72
7.74	21.92	0.6	25	5.0	22.28
7.76	21.86	0.6	25	5.0	21.72
7.78	21.79	0.6	25	5.0	21.63
7.8	21.97	0.6	25	5.0	22.38
7.82	21.69	0.6	25	5.0	21.05
7.84	21.88	0.6	25	5.0	22.32
7.86	21.82	0.6	25	5.0	21.68
7.88	21.98	0.6	25	5.0	22.34
7.9	21.87	0.6	25	5.0	21.61
7.92	22.03	0.6	25	5.0	22.4
7.94	22.1	0.6	25	5.0	22.28
7.96	22.3	0.6	25	5.0	22.76
7.98	22.36	0.6	25	5.0	22.49
8.0	22.35	7.54	50	62.83	22.34
8.02	24.12	7.54	50	62.83	28.23
8.04	28.52	7.54	50	62.83	38.81
8.06	33.28	7.54	50	62.83	44.39
8.08	37.16	7.54	50	62.83	46.22
8.1	40.15	7.54	50	62.83	47.12
8.12	42.29	7.54	50	62.83	47.29
8.14	44.17	7.54	50	62.83	48.55
8.16	45.24	7.54	50	62.83	47.73
8.18	46.43	7.54	50	62.83	49.2
8.2	47.04	7.54	50	62.83	48.46
8.22	47.66	7.54	50	62.83	49.11
8.24	48.29	7.54	50	62.83	49.76
8.26	48.71	7.54	50	62.83	49.69
8.28	49.04	7.54	50	62.83	49.8
8.3	49.25	7.54	50	62.83	49.75
8.32	49.4	7.54	50	62.83	49.73
8.34	49.5	7.54	50	62.83	49.76
8.36	49.58	7.54	50	62.83	49.77
8.38	49.63	7.54	50	62.83	49.73
8.4	49.82	7.54	50	62.83	50.27
8.42	49.83	7.54	50	62.83	49.85
8.44	49.8	7.54	50	62.83	49.73
8.46	49.79	7.54	50	62.83	49.77
8.48	49.96	7.54	50	62.83	50.37
8.5	49.9	7.54	50	62.83	49.75
8.52	49.85	7.54	50	62.83	49.74
8.54	49.82	7.54	50	62.83	49.76
8.56	49.8	7.54	50	62.83	49.74
8.58	49.79	7.54	50	62.83	49.76
8.6	49.58	7.54	50	62.83	49.09
8.62	49.63	7.54	50	62.83	49.74
8.64	49.47	7.54	50	62.83	49.1
8.66	49.45	7.54	50	62.83	49.42
8.68	49.27	7.54	50	62.83	48.83
8.7	49.01	7.54	50	62.83	48.42
8.72	48.71	7.54	50	62.83	48.02
8.74	48.67	7.54	50	62.83	48.58
8.76	48.53	7.54	50	62.83	48.21
8.78	48.32	7.54	50	62.83	47.83
8.8	48.39	7.54	50	62.83	48.55
8.82	48.2	7.54	50	62.83	47.75
8.84	48.3	7.54	50	62.83	48.54
8.86	48.13	7.54	50	62.83	47.75
8.88	48.05	7.54	50	62.83	47.85
8.9	47.96	7.54	50	62.83	47.77
8.92	47.91	7.54	50	62.83	47.77
8.94	47.73	7.54	50	62.83	47.32
8.96	47.77	7.54	50	62.83	47.87
8.98	47.79	7.54	50	62.83	47.85
9.0	47.79	0.6	25	5.0	47.79
9.02	47.43	0.6	25	5.0	46.59
9.04	45.93	0.6	25	5.0	42.42
9.06	44.26	0.6	25	5.0	40.35
9.08	42.32	0.6	25	5.0	37.79
9.1	39.89	0.6	25	5.0	34.24
9.12	37.54	0.6	25	5.0	32.04
9.14	35.19	0.6	25	5.0	29.72
9.16	32.94	0.6	25	5.0	27.68
9.18	30.89	0.6	25	5.0	26.1
9.2	29.05	0.6	25	5.0	24.76
9.22	27.55	0.6	25	5.0	24.06
9.24	26.18	0.6	25	5.0	22.98
9.26	25.02	0.6	25	5.0	22.31
9.28	24.19	0.6	25	5.0	22.26
9.3	23.65	0.6	25	5.0	22.39
9.32	23.25	0.6	25	5.0	22.33
9.34	22.98	0.6	25	5.0	22.34
9.36	22.58	0.6	25	5.0	21.65
9.38	22.51	0.6	25	5.0	22.34
9.4	22.44	0.6	25	5.0	22.29
9.42	22.41	0.6	25	5.0	22.33
9.44	22.19	0.6	25	5.0	21.69
9.46	22.06	0.6	25	5.0	21.75
9.48	22.13	0.6	25	5.0	22.28
9.5	22.38	0.6	25	5.0	22.96
9.52	22.36	0.6	25	5.0	22.33
9.54	22.54	0.6	25	5.0	22.96
9.56	22.47	0.6	25	5.0	22.3
9.58	22.62	0.6	25	5.0	22.97
9.6	22.53	0.6	25	5.0	22.31
9.62	22.65	0.6	25	5.0	22.93
9.64	22.57	0.6	25	5.0	22.37
9.66	22.67	0.6	25	5.0	22.92
9.68	22.55	0.6	25	5.0	22.25
9.7	22.67	0.6	25	5.0	22.97
9.72	22.76	0.6	25	5.0	22.97
9.74	22.63	0.6	25	5.0	22.32
9.76	22.73	0.6	25	5.0	22.95
9.78	22.79	0.6	25	5.0	22.94
9.8	22.65	0.6	25	5.0	22.32
9.82	22.75	0.6	25	5.0	22.97
9.84	22.63	0.6	25	5.0	22.37
9.86	22.74	0.6	25	5.0	22.99
9.88	22.8	0.6	25	5.0	22.93
9.9	22.65	0.6	25	5.0	22.3
9.92	22.75	0.6	25	5.0	23.0
9.94	22.81	0.6	25	5.0	22.93
9.96	22.67	0.6	25	5.0	22.35
9.98	22.57	0.6	25	5.0	22.33
10.0	22.49	7.54	50	62.83	22.32
10.02	24.3	7.54	50	62.83	28.5
10.04	28.54	7.54	50	62.83	38.45
10.06	32.9	7.54	50	62.83	43.07
10.08	37.0	7.54	50	62.83	46.56
10.1	40.08	7.54	50	62.83	47.27
10.12	42.21	7.54	50	62.83	47.18
10.14	44.12	7.54	50	62.83	48.58
10.16	45.43	7.54	50	62.83	48.5
10.18	46.52	7.54	50	62.83	49.06
10.2	47.25	7.54	50	62.83	48.95
10.22	47.65	7.54	50	62.83	48.57
10.24	47.91	7.54	50	62.83	48.54
10.26	48.29	7.54	50	62.83	49.16
10.28	48.35	7.54	50	62.83	48.48
10.3	48.53	7.54	50	62.83	48.98
10.32	48.31	7.54	50	62.83	47.8
10.34	48.57	7.54	50	62.83	49.17
10.36	48.38	7.54	50	62.83	47.92
10.38	48.4	7.54	50	62.83	48.47
10.4	48.23	7.54	50	62.83	47.82
10.42	48.22	7.54	50	62.83	48.21
10.44	48.17	7.54	50	62.83	48.05
10.46	48.09	7.54	50	62.83	47.9
10.48	48.01	7.54	50	62.83	47.81
10.5	47.96	7.54	50	62.83	47.87
10.52	48.07	7.54	50	62.83	48.32
10.54	48.04	7.54	50	62.83	47.96
10.56	47.98	7.54	50	62.83	47.84
10.58	47.95	7.54	50	62.83	47.88
10.6	47.9	7.54	50	62.83	47.77
10.62	47.69	7.54	50	62.83	47.21
10.64	47.73	7.54	50	62.83	47.82
10.66	47.77	7.54	50	62.83	47.87
10.68	47.58	7.54	50	62.83	47.13
10.7	47.66	7.54	50	62.83	47.84
10.72	47.7	7.54	50	62.83	47.81
10.74	47.55	7.54	50	62.83	47.21
10.76	47.65	7.54	50	62.83	47.89
10.78	47.7	7.54	50	62.83	47.81
10.8	47.95	7.54	50	62.83	48.52
10.82	48.08	7.54	50	62.83	48.39
