time	rpm	volt	inp	pwm	raw
0.0	8.44	0.6	25	5.0	28.13
0.02	1.55	0.6	25	5.0	-14.54
0.04	5.87	0.6	25	5.0	15.96
0.06	9.85	0.6	25	5.0	19.15
0.08	13.21	0.6	25	5.0	21.05
0.1	15.56	0.6	25	5.0	21.05
0.12	17.4	0.6	25	5.0	21.69
0.14	18.68	0.6	25	5.0	21.67
0.16	19.58	0.6	25	5.0	21.68
0.18	20.21	0.6	25	5.0	21.69
0.2	20.66	0.6	25	5.0	21.7
0.22	21.16	0.6	25	5.0	22.32
0.24	21.5	0.6	25	5.0	22.29
0.26	21.56	0.6	25	5.0	21.72
0.28	21.79	0.6	25	5.0	22.32
0.3	21.76	0.6	25	5.0	21.69
0.32	21.93	0.6	25	5.0	22.32
0.34	21.86	0.6	25	5.0	21.69
0.36	21.8	0.6	25	5.0	21.67
0.38	21.77	0.6	25	5.0	21.68
0.4	21.93	0.6	25	5.0	22.31
0.42	21.86	0.6	25	5.0	21.69
0.44	22.19	0.6	25	5.0	22.96
0.46	22.23	0.6	25	5.0	22.32
0.48	22.26	0.6	25	5.0	22.32
0.5	22.28	0.6	25	5.0	22.32
0.52	22.5	0.6	25	5.0	23.01
0.54	22.43	0.6	25	5.0	22.27
0.56	22.4	0.6	25	5.0	22.32
0.58	22.57	0.6	25	5.0	22.96
0.6	22.68	0.6	25	5.0	22.96
0.62	22.77	0.6	25	5.0	22.96
0.64	22.63	0.6	25	5.0	22.33
0.66	22.53	0.6	25	5.0	22.3
0.68	22.67	0.6	25	5.0	22.98
0.7	22.58	0.6	25	5.0	22.37
0.72	22.68	0.6	25	5.0	22.91
0.74	22.76	0.6	25	5.0	22.96
0.76	22.82	0.6	25	5.0	22.94
0.78	22.67	0.6	25	5.0	22.33
0.8	22.76	0.6	25	5.0	22.97
0.82	22.81	0.6	25	5.0	22.94
0.84	22.86	0.6	25	5.0	22.97
0.86	22.89	0.6	25	5.0	22.96
0.88	22.72	0.6	25	5.0	22.31
0.9	22.79	0.6	25	5.0	22.97
0.92	22.64	0.6	25	5.0	22.3
0.94	22.56	0.6	25	5.0	22.35
0.96	22.49	0.6	25	5.0	22.32
0.98	22.63	0.6	25	5.0	22.96
1.0	22.34	0.6	25	5.0	21.67
1.02	22.3	0.6	25	5.0	22.21
1.04	22.12	0.6	25	5.0	21.68
1.06	22.18	0.6	25	5.0	22.34
1.08	22.05	0.6	25	5.0	21.74
1.1	21.95	0.6	25	5.0	21.72
1.12	22.06	0.6	25	5.0	22.33
1.14	22.14	0.6	25	5.0	22.33
1.16	22.0	0.6	25	5.0	21.68
1.18	21.91	0.6	25	5.0	21.69
1.2	22.03	0.6	25	5.0	22.32
1.22	22.12	0.6	25	5.0	22.32
1.24	21.99	0.6	25	5.0	21.7
1.26	21.89	0.6	25	5.0	21.64
1.28	21.83	0.6	25	5.0	21.71
1.3	21.79	0.6	25	5.0	21.68
1.32	21.95	0.6	25	5.0	22.34
1.34	21.87	0.6	25	5.0	21.68
1.36	21.82	0.6	25	5.0	21.69
1.38	21.77	0.6	25	5.0	21.68
1.4	21.94	0.6	25	5.0	22.33
1.42	21.86	0.6	25	5.0	21.68
1.44	21.81	0.6	25	5.0	21.69
1.46	21.77	0.6	25	5.0	21.68
1.48	21.75	0.6	25	5.0	21.68
1.5	21.73	0.6	25	5.0	21.68
1.52	21.52	0.6	25	5.0	21.05
1.54	21.56	0.6	25	5.0	21.65
1.56	21.61	0.6	25	5.0	21.71
1.58	21.63	0.6	25	5.0	21.68
1.6	21.65	0.6	25	5.0	21.69
1.62	21.66	0.6	25	5.0	21.68
1.64	21.67	0.6	25	5.0	21.69
1.66	21.48	0.6	25	5.0	21.04
1.68	21.54	0.6	25	5.0	21.68
1.7	21.58	0.6	25	5.0	21.68
1.72	21.61	0.6	25	5.0	21.68
1.74	21.63	0.6	25	5.0	21.69
1.76	21.65	0.6	25	5.0	21.69
1.78	21.65	0.6	25	5.0	21.66
1.8	21.86	0.6	25	5.0	22.34
1.82	21.81	0.6	25	5.0	21.69
1.84	21.78	0.6	25	5.0	21.73
1.86	21.93	0.6	25	5.0	22.26
1.88	21.86	0.6	25	5.0	21.69
1.9	21.99	0.6	25	5.0	22.3
1.92	21.9	0.6	25	5.0	21.68
1.94	21.84	0.6	25	5.0	21.71
1.96	21.98	0.6	25	5.0	22.32
1.98	21.87	0.6	25	5.0	21.6
2.0	21.83	0.6	25	5.0	21.75
2.02	21.76	0.6	25	5.0	21.6
2.04	21.93	0.6	25	5.0	22.32
2.06	22.05	0.6	25	5.0	22.34
2.08	22.14	0.6	25	5.0	22.35
2.1	22.02	0.6	25	5.0	21.72
2.12	22.11	0.6	25	5.0	22.33
2.14	21.99	0.6	25	5.0	21.69
2.16	21.89	0.6	25	5.0	21.68
2.18	22.01	0.6	25	5.0	22.29
2.2	21.92	0.6	25	5.0	21.72
2.22	21.85	0.6	25	5.0	21.68
2.24	21.81	0.6	25	5.0	21.73
2.26	21.76	0.6	25	5.0	21.64
2.28	21.54	0.6	25	5.0	21.02
2.3	21.4	0.6	25	5.0	21.07
2.32	21.48	0.6	25	5.0	21.68
2.34	21.35	0.6	25	5.0	21.05
2.36	21.27	0.6	25	5.0	21.09
2.38	21.38	0.6	25	5.0	21.64
2.4	21.28	0.6	25	5.0	21.05
2.42	21.4	0.6	25	5.0	21.68
2.44	21.48	0.6	25	5.0	21.67
2.46	21.36	0.6	25	5.0	21.06
2.48	21.45	0.6	25	5.0	21.68
2.5	21.52	0.6	25	5.0	21.69
2.52	21.38	0.6	25	5.0	21.05
2.54	21.47	0.6	25	5.0	21.69
2.56	21.53	0.6	25	5.0	21.68
2.58	21.58	0.6	25	5.0	21.67
2.6	21.42	0.6	25	5.0	21.06
2.62	21.69	0.6	25	5.0	22.32
2.64	21.7	0.6	25	5.0	21.74
2.66	21.68	0.6	25	5.0	21.63
2.68	21.49	0.6	25	5.0	21.05
2.7	21.55	0.6	25	5.0	21.68
2.72	21.59	0.6	25	5.0	21.68
2.74	21.62	0.6	25	5.0	21.69
2.76	21.64	0.6	25	5.0	21.68
2.78	21.65	0.6	25	5.0	21.68
2.8	21.66	0.6	25	5.0	21.69
2.82	21.68	0.6	25	5.0	21.73
2.84	21.67	0.6	25	5.0	21.64
2.86	21.67	0.6	25	5.0	21.68
2.88	21.48	0.6	25	5.0	21.04
2.9	21.54	0.6	25	5.0	21.69
2.92	21.57	0.6	25	5.0	21.64
2.94	21.62	0.6	25	5.0	21.72
2.96	21.64	0.6	25	5.0	21.69
2.98	21.65	0.6	25	5.0	21.66
3.0	21.66	0.6	25	5.0	21.7
3.02	21.64	0.6	25	5.0	21.59
3.04	21.66	0.6	25	5.0	21.7
3.06	21.47	0.6	25	5.0	21.04
3.08	21.55	0.6	25	5.0	21.72
3.1	21.79	0.6	25	5.0	22.36
3.12	21.95	0.6	25	5.0	22.33
3.14	22.06	0.6	25	5.0	22.32
3.16	22.15	0.6	25	5.0	22.34
3.18	22.19	0.6	25	5.0	22.31
3.2	22.23	0.6	25	5.0	22.32
3.22	22.26	0.6	25	5.0	22.32
3.24	22.28	0.6	25	5.0	22.32
3.26	22.48	0.6	25	5.0	22.97
3.28	22.43	0.6	25	5.0	22.31
3.3	22.39	0.6	25	5.0	22.3
3.32	22.38	0.6	25	5.0	22.35
3.34	22.57	0.6	25	5.0	23.01
3.36	22.67	0.6	25	5.0	22.92
3.38	22.57	0.6	25	5.0	22.32
3.4	22.7	0.6	25	5.0	23.01
3.42	22.57	0.6	25	5.0	22.27
3.44	22.69	0.6	25	5.0	22.96
3.46	22.57	0.6	25	5.0	22.29
3.48	22.69	0.6	25	5.0	22.99
3.5	22.77	0.6	25	5.0	22.96
3.52	22.83	0.6	25	5.0	22.96
3.54	22.68	0.6	25	5.0	22.32
3.56	22.77	0.6	25	5.0	22.98
3.58	22.63	0.6	25	5.0	22.31
3.6	22.54	0.6	25	5.0	22.33
3.62	22.47	0.6	25	5.0	22.32
3.64	22.44	0.6	25	5.0	22.38
3.66	22.39	0.6	25	5.0	22.27
3.68	22.37	0.6	25	5.0	22.32
3.7	22.36	0.6	25	5.0	22.32
3.72	22.34	0.6	25	5.0	22.31
3.74	22.34	0.6	25	5.0	22.33
3.76	22.14	0.6	25	5.0	21.69
3.78	22.19	0.6	25	5.0	22.32
3.8	22.23	0.6	25	5.0	22.32
3.82	22.25	0.6	25	5.0	22.27
3.84	22.09	0.6	25	5.0	21.72
3.86	22.16	0.6	25	5.0	22.34
3.88	22.21	0.6	25	5.0	22.31
3.9	22.05	0.6	25	5.0	21.7
3.92	22.13	0.6	25	5.0	22.3
3.94	22.0	0.6	25	5.0	21.7
3.96	22.1	0.6	25	5.0	22.33
3.98	21.97	0.6	25	5.0	21.68
4.0	22.08	0.6	25	5.0	22.33
4.02	22.09	0.6	25	5.0	22.12
4.04	21.99	0.6	25	5.0	21.74
4.06	21.91	0.6	25	5.0	21.73
4.08	22.04	0.6	25	5.0	22.35
4.1	21.95	0.6	25	5.0	21.74
4.12	21.68	0.6	25	5.0	21.05
4.14	21.87	0.6	25	5.0	22.32
4.16	21.81	0.6	25	5.0	21.67
4.18	21.59	0.6	25	5.0	21.06
4.2	21.62	0.6	25	5.0	21.69
4.22	21.64	0.6	25	5.0	21.68
4.24	21.65	0.6	25	5.0	21.68
4.26	21.66	0.6	25	5.0	21.68
4.28	21.48	0.6	25	5.0	21.05
4.3	21.55	0.6	25	5.0	21.74
4.32	21.38	0.6	25	5.0	20.98
4.34	21.48	0.6	25	5.0	21.7
4.36	21.73	0.6	25	5.0	22.33
4.38	21.72	0.6	25	5.0	21.68
4.4	21.71	0.6	25	5.0	21.69
4.42	21.89	0.6	25	5.0	22.32
4.44	21.83	0.6	25	5.0	21.68
4.46	21.78	0.6	25	5.0	21.68
4.48	21.95	0.6	25	5.0	22.33
4.5	22.06	0.6	25	5.0	22.32
4.52	21.95	0.6	25	5.0	21.69
4.54	21.88	0.6	25	5.0	21.72
4.56	22.0	0.6	25	5.0	22.29
4.58	21.91	0.6	25	5.0	21.69
4.6	21.84	0.6	25	5.0	21.68
4.62	21.98	0.6	25	5.0	22.3
4.64	22.08	0.6	25	5.0	22.33
4.66	21.96	0.6	25	5.0	21.67
4.68	22.07	0.6	25	5.0	22.32
4.7	22.11	0.6	25	5.0	22.2
4.72	22.17	0.6	25	5.0	22.31
4.74	22.02	0.6	25	5.0	21.68
4.76	22.12	0.6	25	5.0	22.33
4.78	21.98	0.6	25	5.0	21.67
4.8	22.08	0.6	25	5.0	22.32
4.82	21.97	0.6	25	5.0	21.69
4.84	21.88	0.6	25	5.0	21.66
4.86	21.82	0.6	25	5.0	21.7
4.88	21.59	0.6	25	5.0	21.05
4.9	21.43	0.6	25	5.0	21.05
4.92	21.49	0.6	25	5.0	21.64
4.94	21.56	0.6	25	5.0	21.71
4.96	21.41	0.6	25	5.0	21.05
4.98	21.49	0.6	25	5.0	21.69
5.0	21.36	3.38	35	28.13	21.05
5.02	22.32	3.38	35	28.13	24.57
5.04	23.8	3.38	35	28.13	27.25
5.06	25.7	3.38	35	28.13	30.14
5.08	27.37	3.38	35	28.13	31.27
5.1	28.6	3.38	35	28.13	31.46
5.12	29.6	3.38	35	28.13	31.94
5.14	30.29	3.38	35	28.13	31.9
5.16	30.97	3.38	35	28.13	32.55
5.18	31.24	3.38	35	28.13	31.88
5.2	31.44	3.38	35	28.13	31.9
5.22	31.77	3.38	35	28.13	32.53
5.24	31.8	3.38	35	28.13	31.88
5.26	32.02	3.38	35	28.13	32.53
5.28	32.15	3.38	35	28.13	32.44
5.3	32.09	3.38	35	28.13	31.97
5.32	32.22	3.38	35	28.13	32.53
5.34	32.1	3.38	35	28.13	31.82
5.36	32.25	3.38	35	28.13	32.58
5.38	32.11	3.38	35	28.13	31.8
5.4	32.26	3.38	35	28.13	32.61
5.42	32.34	3.38	35	28.13	32.53
5.44	32.21	3.38	35	28.13	31.89
5.46	32.3	3.38	35	28.13	32.53
5.48	32.37	3.38	35	28.13	32.51
5.5	32.42	3.38	35	28.13	32.55
5.52	32.45	3.38	35	28.13	32.51
5.54	32.47	3.38	35	28.13	32.53
5.56	32.49	3.38	35	28.13	32.54
5.58	32.5	3.38	35	28.13	32.52
5.6	32.51	3.38	35	28.13	32.53
5.62	32.51	3.38	35	28.13	32.52
5.64	32.71	3.38	35	28.13	33.16
5.66	32.85	3.38	35	28.13	33.16
5.68	32.94	3.38	35	28.13	33.17
5.7	33.01	3.38	35	28.13	33.16
5.72	33.24	3.38	35	28.13	33.8
5.74	33.4	3.38	35	28.13	33.77
5.76	33.34	3.38	35	28.13	33.19
5.78	33.47	3.38	35	28.13	33.79
5.8	33.58	3.38	35	28.13	33.81
5.82	33.45	3.38	35	28.13	33.16
5.84	33.55	3.38	35	28.13	33.77
5.86	33.61	3.38	35	28.13	33.76
5.88	33.68	3.38	35	28.13	33.84
5.9	33.72	3.38	35	28.13	33.82
5.92	33.73	3.38	35	28.13	33.75
5.94	33.58	3.38	35	28.13	33.22
5.96	33.84	3.38	35	28.13	34.45
5.98	33.82	3.38	35	28.13	33.79
6.0	33.81	3.38	35	28.13	33.79
6.02	33.72	3.38	35	28.13	33.51
6.04	33.67	3.38	35	28.13	33.56
6.06	33.83	3.38	35	28.13	34.19
6.08	33.82	3.38	35	28.13	33.81
6.1	33.79	3.38	35	28.13	33.7
6.12	33.6	3.38	35	28.13	33.18
6.14	33.48	3.38	35	28.13	33.19
6.16	33.2	3.38	35	28.13	32.54
6.18	33.17	3.38	35	28.13	33.1
6.2	33.07	3.38	35	28.13	32.83
6.22	32.9	3.38	35	28.13	32.53
6.24	32.79	3.38	35	28.13	32.53
6.26	32.72	3.38	35	28.13	32.54
6.28	32.65	3.38	35	28.13	32.51
6.3	32.42	3.38	35	28.13	31.89
6.32	32.45	3.38	35	28.13	32.51
6.34	32.29	3.38	35	28.13	31.91
6.36	32.34	3.38	35	28.13	32.46
6.38	32.22	3.38	35	28.13	31.94
6.4	32.12	3.38	35	28.13	31.9
6.42	32.05	3.38	35	28.13	31.89
6.44	32.19	3.38	35	28.13	32.52
6.46	32.11	3.38	35	28.13	31.9
6.48	32.04	3.38	35	28.13	31.88
6.5	31.99	3.38	35	28.13	31.88
6.52	31.96	3.38	35	28.13	31.9
6.54	31.93	3.38	35	28.13	31.87
6.56	31.93	3.38	35	28.13	31.91
6.58	31.91	3.38	35	28.13	31.88
6.6	31.91	3.38	35	28.13	31.89
6.62	31.71	3.38	35	28.13	31.25
6.64	31.76	3.38	35	28.13	31.88
6.66	31.8	3.38	35	28.13	31.87
6.68	31.83	3.38	35	28.13	31.9
6.7	31.66	3.38	35	28.13	31.26
6.72	31.72	3.38	35	28.13	31.87
6.74	31.58	3.38	35	28.13	31.25
6.76	31.68	3.38	35	28.13	31.9
6.78	31.73	3.38	35	28.13	31.87
6.8	31.59	3.38	35	28.13	31.25
6.82	31.68	3.38	35	28.13	31.9
6.84	31.74	3.38	35	28.13	31.88
6.86	31.59	3.38	35	28.13	31.25
6.88	31.66	3.38	35	28.13	31.82
6.9	31.75	3.38	35	28.13	31.96
6.92	31.59	3.38	35	28.13	31.21
6.94	31.88	3.38	35	28.13	32.56
6.96	31.89	3.38	35	28.13	31.92
6.98	32.07	3.38	35	28.13	32.48
7.0	32.4	3.38	35	28.13	33.18
7.02	32.34	3.38	35	28.13	32.21
7.04	32.35	3.38	35	28.13	32.37
7.06	32.44	3.38	35	28.13	32.65
7.08	32.7	3.38	35	28.13	33.32
7.1	32.6	3.38	35	28.13	32.35
7.12	32.81	3.38	35	28.13	33.31
7.14	32.91	3.38	35	28.13	33.14
7.16	33.0	3.38	35	28.13	33.2
7.18	33.04	3.38	35	28.13	33.15
7.2	32.96	3.38	35	28.13	32.78
7.22	33.03	3.38	35	28.13	33.18
7.24	33.26	3.38	35	28.13	33.8
7.26	33.23	3.38	35	28.13	33.17
7.28	33.21	3.38	35	28.13	33.16
7.3	33.2	3.38	35	28.13	33.17
7.32	33.38	3.38	35	28.13	33.8
7.34	33.31	3.38	35	28.13	33.14
7.36	33.46	3.38	35	28.13	33.82
7.38	33.35	3.38	35	28.13	33.09
7.4	33.31	3.38	35	28.13	33.21
7.42	33.08	3.38	35	28.13	32.54
7.44	33.11	3.38	35	28.13	33.17
7.46	32.93	3.38	35	28.13	32.53
7.48	33.0	3.38	35	28.13	33.16
7.5	32.86	3.38	35	28.13	32.52
7.52	32.76	3.38	35	28.13	32.53
7.54	32.88	3.38	35	28.13	33.17
7.56	32.77	3.38	35	28.13	32.53
7.58	32.89	3.38	35	28.13	33.16
7.6	32.97	3.38	35	28.13	33.15
7.62	33.03	3.38	35	28.13	33.17
7.64	32.88	3.38	35	28.13	32.53
7.66	32.96	3.38	35	28.13	33.16
7.68	33.01	3.38	35	28.13	33.13
7.7	33.06	3.38	35	28.13	33.17
7.72	32.91	3.38	35	28.13	32.54
7.74	32.99	3.38	35	28.13	33.18
7.76	33.03	3.38	35	28.13	33.14
7.78	33.06	3.38	35	28.13	33.13
7.8	33.1	3.38	35	28.13	33.19
7.82	33.12	3.38	35	28.13	33.18
7.84	33.14	3.38	35	28.13	33.17
7.86	33.15	3.38	35	28.13	33.17
7.88	33.15	3.38	35	28.13	33.16
7.9	33.13	3.38	35	28.13	33.09
7.92	33.14	3.38	35	28.13	33.17
7.94	32.97	3.38	35	28.13	32.57
7.96	33.03	3.38	35	28.13	33.16
7.98	33.01	3.38	35	28.13	32.95
8.0	32.91	3.38	35	28.13	32.67
8.02	32.86	3.38	35	28.13	32.76
8.04	32.79	3.38	35	28.13	32.61
8.06	32.74	3.38	35	28.13	32.62
8.08	32.87	3.38	35	28.13	33.19
8.1	32.8	3.38	35	28.13	32.64
8.12	32.68	3.38	35	28.13	32.39
8.14	32.82	3.38	35	28.13	33.16
8.16	32.72	3.38	35	28.13	32.48
8.18	32.7	3.38	35	28.13	32.65
8.2	32.59	3.38	35	28.13	32.33
8.22	32.68	3.38	35	28.13	32.9
8.24	32.83	3.38	35	28.13	33.17
8.26	32.74	3.38	35	28.13	32.54
8.28	32.87	3.38	35	28.13	33.16
8.3	32.77	3.38	35	28.13	32.54
8.32	32.87	3.38	35	28.13	33.11
8.34	32.97	3.38	35	28.13	33.18
8.36	32.83	3.38	35	28.13	32.53
8.38	32.94	3.38	35	28.13	33.19
8.4	32.78	3.38	35	28.13	32.4
8.42	32.93	3.38	35	28.13	33.27
8.44	32.81	3.38	35	28.13	32.54
8.46	32.71	3.38	35	28.13	32.49
8.48	32.67	3.38	35	28.13	32.57
8.5	32.62	3.38	35	28.13	32.49
8.52	32.59	3.38	35	28.13	32.54
8.54	32.57	3.38	35	28.13	32.52
8.56	32.37	3.38	35	28.13	31.89
8.58	32.41	3.38	35	28.13	32.52
8.6	32.43	3.38	35	28.13	32.48
8.62	32.47	3.38	35	28.13	32.54
8.64	32.48	3.38	35	28.13	32.52
8.66	32.51	3.38	35	28.13	32.56
8.68	32.51	3.38	35	28.13	32.53
8.7	32.32	3.38	35	28.13	31.86
8.72	32.19	3.38	35	28.13	31.9
8.74	32.09	3.38	35	28.13	31.85
8.76	32.03	3.38	35	28.13	31.9
8.78	31.99	3.38	35	28.13	31.89
8.8	31.96	3.38	35	28.13	31.88
8.82	31.93	3.38	35	28.13	31.88
8.84	31.91	3.38	35	28.13	31.87
8.86	32.11	3.38	35	28.13	32.56
8.88	32.04	3.38	35	28.13	31.89
8.9	31.99	3.38	35	28.13	31.86
8.92	32.13	3.38	35	28.13	32.46
8.94	32.05	3.38	35	28.13	31.87
8.96	32.23	3.38	35	28.13	32.65
8.98	32.32	3.38	35	28.13	32.52
9.0	32.39	3.38	35	28.13	32.57
9.02	32.48	3.38	35	28.13	32.7
9.04	32.38	3.38	35	28.13	32.13
9.06	32.38	3.38	35	28.13	32.38
9.08	32.64	3.38	35	28.13	33.24
9.1	32.66	3.38	35	28.13	32.7
9.12	32.56	3.38	35	28.13	32.34
9.14	32.54	3.38	35	28.13	32.5
9.16	32.74	3.38	35	28.13	33.19
9.18	32.66	3.38	35	28.13	32.49
9.2	32.64	3.38	35	28.13	32.59
9.22	32.68	3.38	35	28.13	32.76
9.24	32.64	3.38	35	28.13	32.54
9.26	32.6	3.38	35	28.13	32.51
9.28	32.76	3.38	35	28.13	33.14
9.3	32.69	3.38	35	28.13	32.52
9.32	32.84	3.38	35	28.13	33.18
9.34	32.74	3.38	35	28.13	32.52
9.36	32.87	3.38	35	28.13	33.16
9.38	32.77	3.38	35	28.13	32.53
9.4	32.7	3.38	35	28.13	32.54
9.42	32.81	3.38	35	28.13	33.09
9.44	32.75	3.38	35	28.13	32.59
9.46	32.87	3.38	35	28.13	33.16
9.48	32.96	3.38	35	28.13	33.17
9.5	32.83	3.38	35	28.13	32.51
9.52	32.93	3.38	35	28.13	33.16
9.54	33.19	3.38	35	28.13	33.81
9.56	33.37	3.38	35	28.13	33.8
9.58	33.31	3.38	35	28.13	33.18
9.6	33.45	3.38	35	28.13	33.75
9.62	33.56	3.38	35	28.13	33.83
9.64	33.64	3.38	35	28.13	33.83
9.66	33.69	3.38	35	28.13	33.8
9.68	33.72	3.38	35	28.13	33.78
9.7	33.74	3.38	35	28.13	33.8
9.72	33.77	3.38	35	28.13	33.83
9.74	33.77	3.38	35	28.13	33.77
9.76	33.57	3.38	35	28.13	33.1
9.78	33.66	3.38	35	28.13	33.86
9.8	33.51	3.38	35	28.13	33.17
9.82	33.6	3.38	35	28.13	33.82
9.84	33.47	3.38	35	28.13	33.16
9.86	33.56	3.38	35	28.13	33.78
9.88	33.45	3.38	35	28.13	33.18
9.9	33.36	3.38	35	28.13	33.17
9.92	33.27	3.38	35	28.13	33.06
9.94	33.05	3.38	35	28.13	32.54
9.96	33.1	3.38	35	28.13	33.22
9.98	32.75	3.38	35	28.13	31.92
10.0	32.68	6.15	45	51.26	32.53
10.02	33.29	6.15	45	51.26	34.72
10.04	34.7	6.15	45	51.26	37.99
10.06	36.4	6.15	45	51.26	40.35
10.08	38.13	6.15	45	51.26	42.17
10.1	39.22	6.15	45	51.26	41.78
10.12	40.05	6.15	45	51.26	41.99
10.14	40.68	6.15	45	51.26	42.15
10.16	41.3	6.15	45	51.26	42.73
10.18	41.52	6.15	45	51.26	42.03
10.2	41.7	6.15	45	51.26	42.11
10.22	41.86	6.15	45	51.26	42.23
10.24	41.93	6.15	45	51.26	42.1
10.26	41.97	6.15	45	51.26	42.06
10.28	41.81	6.15	45	51.26	41.45
10.3	41.9	6.15	45	51.26	42.1
10.32	41.76	6.15	45	51.26	41.46
10.34	41.86	6.15	45	51.26	42.08
10.36	41.72	6.15	45	51.26	41.39
10.38	41.86	6.15	45	51.26	42.18
10.4	41.9	6.15	45	51.26	42.01
10.42	41.74	6.15	45	51.26	41.34
10.44	41.87	6.15	45	51.26	42.19
10.46	41.98	6.15	45	51.26	42.23
10.48	42.0	6.15	45	51.26	42.05
10.5	42.03	6.15	45	51.26	42.11
10.52	42.23	6.15	45	51.26	42.71
10.54	42.19	6.15	45	51.26	42.1
10.56	42.35	6.15	45	51.26	42.7
10.58	42.47	6.15	45	51.26	42.75
10.6	42.54	6.15	45	51.26	42.7
10.62	42.61	6.15	45	51.26	42.76
10.64	42.63	6.15	45	51.26	42.67
10.66	42.67	6.15	45	51.26	42.77
10.68	42.69	6.15	45	51.26	42.72
10.7	42.7	6.15	45	51.26	42.72
10.72	42.9	6.15	45	51.26	43.37
10.74	42.86	6.15	45	51.26	42.76
10.76	43.0	6.15	45	51.26	43.34
10.78	43.11	6.15	45	51.26	43.36
10.8	43.36	6.15	45	51.26	43.94
10.82	43.38	6.15	45	51.26	43.44
10.84	43.58	6.15	45	51.26	44.04
10.86	43.7	6.15	45	51.26	43.98
10.88	43.98	6.15	45	51.26	44.65
10.9	43.96	6.15	45	51.26	43.9
10.92	44.05	6.15	45	51.26	44.25
10.94	43.96	6.15	45	51.26	43.77
10.96	44.16	6.15	45	51.26	44.61
10.98	44.14	6.15	45	51.26	44.08
11.0	44.1	6.15	45	51.26	44.02
11.02	44.17	6.15	45	51.26	44.34
11.04	44.13	6.15	45	51.26	44.04
11.06	44.33	6.15	45	51.26	44.78
11.08	44.42	6.15	45	51.26	44.63
11.1	44.51	6.15	45	51.26	44.71
11.12	44.53	6.15	45	51.26	44.58
11.14	44.6	6.15	45	51.26	44.75
11.16	44.4	6.15	45	51.26	43.94
11.18	44.49	6.15	45	51.26	44.71
11.2	44.53	6.15	45	51.26	44.6
11.22	44.57	6.15	45	51.26	44.66
11.24	44.42	6.15	45	51.26	44.07
11.26	44.12	6.15	45	51.26	43.42
11.28	44.08	6.15	45	51.26	43.97
11.3	43.86	6.15	45	51.26	43.35
11.32	43.71	6.15	45	51.26	43.37
11.34	43.42	6.15	45	51.26	42.75
11.36	43.41	6.15	45	51.26	43.37
11.38	43.21	6.15	45	51.26	42.74
11.4	43.06	6.15	45	51.26	42.72
11.42	42.96	6.15	45	51.26	42.73
11.44	42.9	6.15	45	51.26	42.76
11.46	42.82	6.15	45	51.26	42.63
11.48	42.81	6.15	45	51.26	42.8
11.5	42.61	6.15	45	51.26	42.14
11.52	42.64	6.15	45	51.26	42.71
11.54	42.47	6.15	45	51.26	42.07
11.56	42.36	6.15	45	51.26	42.09
11.58	42.47	6.15	45	51.26	42.72
11.6	42.17	6.15	45	51.26	41.47
11.62	42.33	6.15	45	51.26	42.71
11.64	42.07	6.15	45	51.26	41.46
11.66	42.07	6.15	45	51.26	42.08
11.68	42.09	6.15	45	51.26	42.12
11.7	42.09	6.15	45	51.26	42.1
11.72	42.08	6.15	45	51.26	42.06
11.74	42.08	6.15	45	51.26	42.07
11.76	42.09	6.15	45	51.26	42.11
11.78	42.08	6.15	45	51.26	42.08
11.8	42.1	6.15	45	51.26	42.13
11.82	42.09	6.15	45	51.26	42.07
11.84	42.09	6.15	45	51.26	42.11
11.86	42.25	6.15	45	51.26	42.61
11.88	42.24	6.15	45	51.26	42.21
11.9	42.39	6.15	45	51.26	42.76
11.92	42.28	6.15	45	51.26	42.02
11.94	42.41	6.15	45	51.26	42.69
11.96	42.32	6.15	45	51.26	42.12
11.98	42.42	6.15	45	51.26	42.67
12.0	42.54	6.15	45	51.26	42.8
12.02	42.66	6.15	45	51.26	42.93
12.04	42.58	6.15	45	51.26	42.39
12.06	42.74	6.15	45	51.26	43.13
12.08	43.15	6.15	45	51.26	44.09
12.1	43.47	6.15	45	51.26	44.21
12.12	43.45	6.15	45	51.26	43.4
12.14	43.6	6.15	45	51.26	43.95
12.16	43.72	6.15	45	51.26	43.99
12.18	43.82	6.15	45	51.26	44.05
12.2	43.86	6.15	45	51.26	43.97
12.22	44.1	6.15	45	51.26	44.66
12.24	44.1	6.15	45	51.26	44.11
12.26	44.07	6.15	45	51.26	43.98
12.28	44.05	6.15	45	51.26	44.01
12.3	44.03	6.15	45	51.26	43.98
12.32	44.03	6.15	45	51.26	44.02
12.34	44.01	6.15	45	51.26	43.98
12.36	44.01	6.15	45	51.26	44.01
12.38	44.03	6.15	45	51.26	44.07
12.4	44.2	6.15	45	51.26	44.6
12.42	44.15	6.15	45	51.26	44.04
12.44	44.09	6.15	45	51.26	43.96
12.46	44.07	6.15	45	51.26	44.03
12.48	44.05	6.15	45	51.26	43.98
12.5	44.23	6.15	45	51.26	44.65
12.52	43.98	6.15	45	51.26	43.4
12.54	43.98	6.15	45	51.26	43.97
12.56	43.79	6.15	45	51.26	43.37
12.58	43.67	6.15	45	51.26	43.38
12.6	43.77	6.15	45	51.26	44.0
12.62	43.65	6.15	45	51.26	43.37
12.64	43.56	6.15	45	51.26	43.34
12.66	43.32	6.15	45	51.26	42.75
12.68	43.33	6.15	45	51.26	43.36
12.7	43.34	6.15	45	51.26	43.37
12.72	43.16	6.15	45	51.26	42.72
12.74	43.22	6.15	45	51.26	43.37
12.76	43.07	6.15	45	51.26	42.73
12.78	42.97	6.15	45	51.26	42.74
12.8	42.89	6.15	45	51.26	42.71
12.82	42.85	6.15	45	51.26	42.74
12.84	42.82	6.15	45	51.26	42.77
12.86	42.59	6.15	45	51.26	42.05
12.88	42.65	6.15	45	51.26	42.78
12.9	42.66	6.15	45	51.26	42.69
12.92	42.47	6.15	45	51.26	42.01
12.94	42.37	6.15	45	51.26	42.13
12.96	42.49	6.15	45	51.26	42.77
12.98	42.37	6.15	45	51.26	42.08
13.0	42.45	6.15	45	51.26	42.66
13.02	42.44	6.15	45	51.26	42.42
13.04	42.42	6.15	45	51.26	42.35
13.06	42.59	6.15	45	51.26	43.01
13.08	42.87	6.15	45	51.26	43.52
13.1	42.92	6.15	45	51.26	43.05
13.12	42.7	6.15	45	51.26	42.17
13.14	42.66	6.15	45	51.26	42.58
13.16	42.68	6.15	45	51.26	42.72
13.18	42.51	6.15	45	51.26	42.12
13.2	42.77	6.15	45	51.26	43.38
13.22	42.56	6.15	45	51.26	42.07
13.24	42.65	6.15	45	51.26	42.87
13.26	42.68	6.15	45	51.26	42.73
13.28	42.69	6.15	45	51.26	42.73
13.3	42.67	6.15	45	51.26	42.61
13.32	42.91	6.15	45	51.26	43.47
13.34	43.24	6.15	45	51.26	44.02
13.36	43.28	6.15	45	51.26	43.37
13.38	43.5	6.15	45	51.26	44.02
13.4	43.65	6.15	45	51.26	44.01
13.42	43.56	6.15	45	51.26	43.35
13.44	43.89	6.15	45	51.26	44.66
13.46	43.87	6.15	45	51.26	43.81
13.48	43.96	6.15	45	51.26	44.16
13.5	44.16	6.15	45	51.26	44.63
13.52	44.13	6.15	45	51.26	44.05
13.54	44.28	6.15	45	51.26	44.65
13.56	44.2	6.15	45	51.26	44.01
13.58	44.14	6.15	45	51.26	43.99
13.6	44.29	6.15	45	51.26	44.66
13.62	44.21	6.15	45	51.26	44.01
13.64	44.34	6.15	45	51.26	44.64
13.66	44.24	6.15	45	51.26	44.02
13.68	44.16	6.15	45	51.26	43.99
13.7	44.31	6.15	45	51.26	44.65
13.72	44.41	6.15	45	51.26	44.65
13.74	44.29	6.15	45	51.26	43.99
13.76	44.39	6.15	45	51.26	44.65
13.78	44.27	6.15	45	51.26	43.99
13.8	44.17	6.15	45	51.26	43.92
13.82	43.95	6.15	45	51.26	43.44
13.84	43.77	6.15	45	51.26	43.36
13.86	43.85	6.15	45	51.26	44.03
13.88	43.71	6.15	45	51.26	43.37
13.9	43.79	6.15	45	51.26	43.97
13.92	43.8	6.15	45	51.26	43.84
13.94	43.72	6.15	45	51.26	43.54
13.96	43.8	6.15	45	51.26	43.98
13.98	43.81	6.15	45	51.26	43.82
14.0	43.73	6.15	45	51.26	43.55
14.02	43.68	6.15	45	51.26	43.59
14.04	43.46	6.15	45	51.26	42.95
14.06	43.4	6.15	45	51.26	43.24
14.08	43.41	6.15	45	51.26	43.45
14.1	43.46	6.15	45	51.26	43.57
14.12	43.25	6.15	45	51.26	42.78
14.14	43.25	6.15	45	51.26	43.24
14.16	43.1	6.15	45	51.26	42.75
14.18	43.18	6.15	45	51.26	43.36
14.2	43.05	6.15	45	51.26	42.76
14.22	43.15	6.15	45	51.26	43.36
14.24	43.07	6.15	45	51.26	42.89
14.26	42.96	6.15	45	51.26	42.7
14.28	42.88	6.15	45	51.26	42.7
14.3	42.82	6.15	45	51.26	42.69
14.32	42.8	6.15	45	51.26	42.75
14.34	42.6	6.15	45	51.26	42.12
14.36	42.64	6.15	45	51.26	42.74
14.38	42.67	6.15	45	51.26	42.73
14.4	42.69	6.15	45	51.26	42.74
14.42	42.51	6.15	45	51.26	42.08
14.44	42.58	6.15	45	51.26	42.74
14.46	42.43	6.15	45	51.26	42.09
14.48	42.52	6.15	45	51.26	42.73
14.5	42.38	6.15	45	51.26	42.06
14.52	42.25	6.15	45	51.26	41.95
14.54	42.44	6.15	45	51.26	42.88
14.56	42.34	6.15	45	51.26	42.12
14.58	42.27	6.15	45	51.26	42.09
14.6	42.6	6.15	45	51.26	43.38
14.62	42.64	6.15	45	51.26	42.72
14.64	42.86	6.15	45	51.26	43.37
14.66	43.01	6.15	45	51.26	43.38
14.68	43.12	6.15	45	51.26	43.36
14.7	43.39	6.15	45	51.26	44.01
14.72	43.36	6.15	45	51.26	43.29
14.74	43.37	6.15	45	51.26	43.4
14.76	43.57	6.15	45	51.26	44.04
14.78	43.5	6.15	45	51.26	43.34
14.8	43.64	6.15	45	51.26	43.96
14.82	43.58	6.15	45	51.26	43.42
14.84	43.69	6.15	45	51.26	43.94
14.86	43.61	6.15	45	51.26	43.44
14.88	43.73	6.15	45	51.26	44.01
14.9	43.8	6.15	45	51.26	43.96
14.92	43.83	6.15	45	51.26	43.89
14.94	43.72	6.15	45	51.26	43.48
14.96	43.82	6.15	45	51.26	44.04
14.98	44.02	6.15	45	51.26	44.5
15.0	43.86	8.93	55	74.39	43.48
15.02	44.76	8.93	55	74.39	46.86
15.04	46.25	8.93	55	74.39	49.74
15.06	47.83	8.93	55	74.39	51.51
15.08	49.55	8.93	55	74.39	53.54
15.1	50.68	8.93	55	74.39	53.34
15.12	51.37	8.93	55	74.39	52.97
15.14	52.17	8.93	55	74.39	54.03
15.16	52.65	8.93	55	74.39	53.77
15.18	53.11	8.93	55	74.39	54.19
15.2	53.45	8.93	55	74.39	54.25
15.22	53.78	8.93	55	74.39	54.53
15.24	53.98	8.93	55	74.39	54.45
15.26	54.24	8.93	55	74.39	54.84
15.28	54.22	8.93	55	74.39	54.2
15.3	54.2	8.93	55	74.39	54.15
15.32	54.21	8.93	55	74.39	54.23
15.34	54.21	8.93	55	74.39	54.22
15.36	54.22	8.93	55	74.39	54.24
15.38	54.22	8.93	55	74.39	54.22
15.4	54.24	8.93	55	74.39	54.27
15.42	54.2	8.93	55	74.39	54.1
15.44	54.03	8.93	55	74.39	53.65
15.46	53.9	8.93	55	74.39	53.59
15.48	53.99	8.93	55	74.39	54.2
15.5	53.87	8.93	55	74.39	53.58
15.52	53.94	8.93	55	74.39	54.13
15.54	53.82	8.93	55	74.39	53.54
15.56	53.58	8.93	55	74.39	53.03
15.58	53.78	8.93	55	74.39	54.23
15.6	53.71	8.93	55	74.39	53.57
15.62	53.65	8.93	55	74.39	53.5
15.64	53.45	8.93	55	74.39	52.99
15.66	53.49	8.93	55	74.39	53.58
15.68	53.52	8.93	55	74.39	53.58
15.7	53.52	8.93	55	74.39	53.54
15.72	53.53	8.93	55	74.39	53.54
15.74	53.55	8.93	55	74.39	53.6
15.76	53.37	8.93	55	74.39	52.95
15.78	53.43	8.93	55	74.39	53.59
15.8	53.46	8.93	55	74.39	53.52
15.82	53.49	8.93	55	74.39	53.57
15.84	53.53	8.93	55	74.39	53.62
15.86	53.35	8.93	55	74.39	52.95
15.88	53.42	8.93	55	74.39	53.58
15.9	53.65	8.93	55	74.39	54.2
15.92	53.78	8.93	55	74.39	54.08
15.94	53.94	8.93	55	74.39	54.32
15.96	54.22	8.93	55	74.39	54.87
15.98	54.4	8.93	55	74.39	54.83
16.0	54.54	8.93	55	74.39	54.86
16.02	54.7	8.93	55	74.39	55.06
16.04	54.59	8.93	55	74.39	54.35
16.06	54.59	8.93	55	74.39	54.6
16.08	54.9	8.93	55	74.39	55.62
16.1	54.97	8.93	55	74.39	55.12
16.12	54.95	8.93	55	74.39	54.89
16.14	55.1	8.93	55	74.39	55.45
16.16	55.04	8.93	55	74.39	54.91
16.18	55.17	8.93	55	74.39	55.46
16.2	55.08	8.93	55	74.39	54.9
16.22	55.2	8.93	55	74.39	55.48
16.24	55.28	8.93	55	74.39	55.45
16.26	55.34	8.93	55	74.39	55.49
16.28	55.38	8.93	55	74.39	55.47
16.3	55.4	8.93	55	74.39	55.45
16.32	55.44	8.93	55	74.39	55.54
16.34	55.26	8.93	55	74.39	54.85
16.36	55.33	8.93	55	74.39	55.48
16.38	55.38	8.93	55	74.39	55.51
16.4	55.22	8.93	55	74.39	54.84
16.42	54.92	8.93	55	74.39	54.23
16.44	54.89	8.93	55	74.39	54.83
16.46	54.69	8.93	55	74.39	54.23
16.48	54.55	8.93	55	74.39	54.2
16.5	54.45	8.93	55	74.39	54.22
16.52	54.38	8.93	55	74.39	54.21
16.54	54.13	8.93	55	74.39	53.56
16.56	53.93	8.93	55	74.39	53.46
16.58	53.86	8.93	55	74.39	53.68
16.6	53.96	8.93	55	74.39	54.19
16.62	53.84	8.93	55	74.39	53.57
16.64	53.75	8.93	55	74.39	53.55
16.66	53.71	8.93	55	74.39	53.59
16.68	53.67	8.93	55	74.39	53.58
16.7	53.64	8.93	55	74.39	53.58
16.72	53.62	8.93	55	74.39	53.58
16.74	53.4	8.93	55	74.39	52.87
16.76	53.46	8.93	55	74.39	53.61
16.78	53.52	8.93	55	74.39	53.65
16.8	53.29	8.93	55	74.39	52.77
16.82	53.4	8.93	55	74.39	53.65
16.84	53.23	8.93	55	74.39	52.84
16.86	53.15	8.93	55	74.39	52.97
16.88	53.29	8.93	55	74.39	53.61
16.9	53.36	8.93	55	74.39	53.53
16.92	53.22	8.93	55	74.39	52.88
16.94	53.16	8.93	55	74.39	53.03
16.96	53.27	8.93	55	74.39	53.54
16.98	53.37	8.93	55	74.39	53.58
17.0	53.24	8.93	55	74.39	52.95
17.02	53.34	8.93	55	74.39	53.58
17.04	53.13	8.93	55	74.39	52.62
17.06	53.22	8.93	55	74.39	53.42
17.08	53.53	8.93	55	74.39	54.27
17.1	53.67	8.93	55	74.39	53.98
17.12	53.82	8.93	55	74.39	54.17
17.14	53.74	8.93	55	74.39	53.55
17.16	53.88	8.93	55	74.39	54.21
17.18	53.98	8.93	55	74.39	54.23
17.2	53.87	8.93	55	74.39	53.6
17.22	54.06	8.93	55	74.39	54.49
17.24	53.99	8.93	55	74.39	53.85
17.26	54.26	8.93	55	74.39	54.89
17.28	54.45	8.93	55	74.39	54.87
17.3	54.54	8.93	55	74.39	54.78
17.32	54.65	8.93	55	74.39	54.89
17.34	54.71	8.93	55	74.39	54.87
17.36	54.94	8.93	55	74.39	55.47
17.38	54.9	8.93	55	74.39	54.79
17.4	55.11	8.93	55	74.39	55.59
17.42	55.21	8.93	55	74.39	55.46
17.44	55.1	8.93	55	74.39	54.83
17.46	55.2	8.93	55	74.39	55.46
17.48	55.29	8.93	55	74.39	55.49
17.5	55.37	8.93	55	74.39	55.55
17.52	55.38	8.93	55	74.39	55.41
17.54	55.43	8.93	55	74.39	55.54
17.56	55.43	8.93	55	74.39	55.42
17.58	55.43	8.93	55	74.39	55.44
17.6	55.47	8.93	55	74.39	55.56
17.62	55.67	8.93	55	74.39	56.13
17.64	55.61	8.93	55	74.39	55.46
17.66	55.57	8.93	55	74.39	55.48
17.68	55.35	8.93	55	74.39	54.85
17.7	55.4	8.93	55	74.39	55.5
17.72	55.42	8.93	55	74.39	55.48
17.74	55.24	8.93	55	74.39	54.8
17.76	54.96	8.93	55	74.39	54.3
17.78	54.7	8.93	55	74.39	54.1
17.8	54.55	8.93	55	74.39	54.21
17.82	54.28	8.93	55	74.39	53.65
17.84	54.25	8.93	55	74.39	54.18
17.86	54.05	8.93	55	74.39	53.58
17.88	54.08	8.93	55	74.39	54.14
17.9	53.94	8.93	55	74.39	53.61
17.92	53.98	8.93	55	74.39	54.09
17.94	53.7	8.93	55	74.39	53.03
17.96	53.68	8.93	55	74.39	53.64
17.98	53.62	8.93	55	74.39	53.49
18.0	53.62	8.93	55	74.39	53.61
18.02	53.49	8.93	55	74.39	53.2
18.04	53.31	8.93	55	74.39	52.87
18.06	53.19	8.93	55	74.39	52.93
18.08	53.48	8.93	55	74.39	54.15
18.1	53.4	8.93	55	74.39	53.2
18.12	53.51	8.93	55	74.39	53.78
18.14	53.53	8.93	55	74.39	53.59
18.16	53.55	8.93	55	74.39	53.59
18.18	53.51	8.93	55	74.39	53.41
18.2	53.76	8.93	55	74.39	54.36
18.22	53.9	8.93	55	74.39	54.24
18.24	53.81	8.93	55	74.39	53.58
18.26	53.93	8.93	55	74.39	54.2
18.28	54.01	8.93	55	74.39	54.21
18.3	54.05	8.93	55	74.39	54.14
18.32	54.12	8.93	55	74.39	54.27
18.34	54.15	8.93	55	74.39	54.22
18.36	53.97	8.93	55	74.39	53.57
18.38	54.23	8.93	55	74.39	54.82
18.4	54.03	8.93	55	74.39	53.55
18.42	54.07	8.93	55	74.39	54.18
18.44	54.11	8.93	55	74.39	54.22
18.46	54.12	8.93	55	74.39	54.12
18.48	54.15	8.93	55	74.39	54.24
18.5	54.18	8.93	55	74.39	54.25
18.52	54.22	8.93	55	74.39	54.3
18.54	54.38	8.93	55	74.39	54.77
18.56	54.35	8.93	55	74.39	54.27
18.58	54.69	8.93	55	74.39	55.47
18.6	54.69	8.93	55	74.39	54.7
18.62	54.98	8.93	55	74.39	55.64
18.64	55.13	8.93	55	74.39	55.49
18.66	55.24	8.93	55	74.39	55.51
18.68	55.32	8.93	55	74.39	55.5
18.7	55.56	8.93	55	74.39	56.11
18.72	55.34	8.93	55	74.39	54.84
18.74	55.38	8.93	55	74.39	55.45
18.76	55.42	8.93	55	74.39	55.53
18.78	55.43	8.93	55	74.39	55.47
18.8	55.24	8.93	55	74.39	54.78
18.82	55.13	8.93	55	74.39	54.87
18.84	55.05	8.93	55	74.39	54.88
18.86	55.0	8.93	55	74.39	54.87
18.88	54.95	8.93	55	74.39	54.85
18.9	54.91	8.93	55	74.39	54.82
18.92	54.66	8.93	55	74.39	54.08
18.94	54.76	8.93	55	74.39	54.97
18.96	54.59	8.93	55	74.39	54.19
18.98	54.48	8.93	55	74.39	54.24
19.0	54.4	8.93	55	74.39	54.21
19.02	54.36	8.93	55	74.39	54.26
19.04	54.03	8.93	55	74.39	53.27
19.06	54.02	8.93	55	74.39	54.01
19.08	53.9	8.93	55	74.39	53.63
19.1	53.72	8.93	55	74.39	53.28
19.12	53.64	8.93	55	74.39	53.47
19.14	53.48	8.93	55	74.39	53.09
19.16	53.32	8.93	55	74.39	52.97
19.18	53.2	8.93	55	74.39	52.91
19.2	53.11	8.93	55	74.39	52.91
19.22	53.28	8.93	55	74.39	53.66
19.24	53.15	8.93	55	74.39	52.86
19.26	53.28	8.93	55	74.39	53.6
19.28	53.36	8.93	55	74.39	53.54
19.3	53.41	8.93	55	74.39	53.53
19.32	53.28	8.93	55	74.39	52.99
19.34	53.56	8.93	55	74.39	54.21
19.36	53.57	8.93	55	74.39	53.59
19.38	53.57	8.93	55	74.39	53.57
19.4	53.75	8.93	55	74.39	54.18
19.42	53.72	8.93	55	74.39	53.65
19.44	53.85	8.93	55	74.39	54.13
19.46	53.84	8.93	55	74.39	53.83
19.48	53.87	8.93	55	74.39	53.95
19.5	53.8	8.93	55	74.39	53.62
19.52	53.92	8.93	55	74.39	54.22
19.54	53.99	8.93	55	74.39	54.14
19.56	54.08	8.93	55	74.39	54.28
19.58	54.1	8.93	55	74.39	54.17
19.6	54.13	8.93	55	74.39	54.2
19.62	54.14	8.93	55	74.39	54.16
19.64	54.38	8.93	55	74.39	54.94
19.66	54.32	8.93	55	74.39	54.18
19.68	54.3	8.93	55	74.39	54.26
19.7	54.44	8.93	55	74.39	54.78
19.72	54.59	8.93	55	74.39	54.92
19.74	54.46	8.93	55	74.39	54.17
19.76	54.59	8.93	55	74.39	54.9
19.78	54.66	8.93	55	74.39	54.8
19.8	54.51	8.93	55	74.39	54.17
19.82	54.63	8.93	55	74.39	54.9
19.84	54.64	8.93	55	74.39	54.67
19.86	54.55	8.93	55	74.39	54.34
19.88	54.65	8.93	55	74.39	54.89
19.9	54.88	8.93	55	74.39	55.42
19.92	54.85	8.93	55	74.39	54.76
19.94	54.88	8.93	55	74.39	54.96
19.96	54.87	8.93	55	74.39	54.83
19.98	54.96	8.93	55	74.39	55.18
20.0	55.02	7.54	50	62.83	55.14
20.02	54.76	7.54	50	62.83	54.16
20.04	53.79	7.54	50	62.83	51.53
20.06	53.24	7.54	50	62.83	51.97
20.08	52.58	7.54	50	62.83	51.02
20.1	51.69	7.54	50	62.83	49.6
20.12	51.12	7.54	50	62.83	49.81
20.14	50.45	7.54	50	62.83	48.89
20.16	49.94	7.54	50	62.83	48.74
20.18	49.7	7.54	50	62.83	49.14
20.2	49.33	7.54	50	62.83	48.47
20.22	49.08	7.54	50	62.83	48.49
20.24	48.86	7.54	50	62.83	48.36
20.26	48.78	7.54	50	62.83	48.57
20.28	48.69	7.54	50	62.83	48.49
20.3	48.61	7.54	50	62.83	48.41
20.32	48.76	7.54	50	62.83	49.13
20.34	48.66	7.54	50	62.83	48.41
20.36	48.44	7.54	50	62.83	47.93
20.38	48.25	7.54	50	62.83	47.8
20.4	48.12	7.54	50	62.83	47.81
20.42	48.22	7.54	50	62.83	48.45
20.44	47.9	7.54	50	62.83	47.17
20.46	48.08	7.54	50	62.83	48.5
20.48	48.01	7.54	50	62.83	47.83
20.5	47.97	7.54	50	62.83	47.89
20.52	48.11	7.54	50	62.83	48.43
20.54	48.02	7.54	50	62.83	47.8
20.56	48.17	7.54	50	62.83	48.53
20.58	48.08	7.54	50	62.83	47.86
20.6	48.18	7.54	50	62.83	48.43
20.62	48.08	7.54	50	62.83	47.82
20.64	48.16	7.54	50	62.83	48.36
20.66	48.1	7.54	50	62.83	47.96
20.68	48.21	7.54	50	62.83	48.46
20.7	48.28	7.54	50	62.83	48.46
20.72	48.34	7.54	50	62.83	48.46
20.74	48.37	7.54	50	62.83	48.46
20.76	48.41	7.54	50	62.83	48.5
20.78	48.43	7.54	50	62.83	48.47
20.8	48.43	7.54	50	62.83	48.44
20.82	48.45	7.54	50	62.83	48.5
20.84	48.44	7.54	50	62.83	48.42
20.86	48.66	7.54	50	62.83	49.16
20.88	48.59	7.54	50	62.83	48.43
20.9	48.75	7.54	50	62.83	49.13
20.92	48.64	7.54	50	62.83	48.38
20.94	48.81	7.54	50	62.83	49.19
20.96	48.89	7.54	50	62.83	49.07
20.98	48.77	7.54	50	62.83	48.5
21.0	48.87	7.54	50	62.83	49.11
21.02	48.97	7.54	50	62.83	49.21
21.04	48.86	7.54	50	62.83	48.6
21.06	48.77	7.54	50	62.83	48.57
21.08	48.94	7.54	50	62.83	49.32
21.1	48.98	7.54	50	62.83	49.08
21.12	49.02	7.54	50	62.83	49.12
21.14	49.04	7.54	50	62.83	49.08
21.16	49.04	7.54	50	62.83	49.02
21.18	49.16	7.54	50	62.83	49.47
21.2	49.08	7.54	50	62.83	48.88
21.22	49.11	7.54	50	62.83	49.18
21.24	49.09	7.54	50	62.83	49.05
21.26	49.09	7.54	50	62.83	49.1
21.28	49.11	7.54	50	62.83	49.16
21.3	49.09	7.54	50	62.83	49.05
21.32	49.11	7.54	50	62.83	49.15
21.34	48.93	7.54	50	62.83	48.53
21.36	48.97	7.54	50	62.83	49.04
21.38	49.02	7.54	50	62.83	49.14
21.4	48.85	7.54	50	62.83	48.47
21.42	48.74	7.54	50	62.83	48.48
21.44	48.85	7.54	50	62.83	49.11
21.46	48.74	7.54	50	62.83	48.46
21.48	48.84	7.54	50	62.83	49.1
21.5	48.73	7.54	50	62.83	48.48
21.52	48.66	7.54	50	62.83	48.48
21.54	48.79	7.54	50	62.83	49.11
21.56	48.67	7.54	50	62.83	48.39
21.58	48.81	7.54	50	62.83	49.13
21.6	48.72	7.54	50	62.83	48.51
21.62	48.84	7.54	50	62.83	49.13
21.64	48.73	7.54	50	62.83	48.46
21.66	48.61	7.54	50	62.83	48.35
21.68	48.6	7.54	50	62.83	48.56
21.7	48.36	7.54	50	62.83	47.81
21.72	48.39	7.54	50	62.83	48.46
21.74	48.42	7.54	50	62.83	48.49
21.76	48.43	7.54	50	62.83	48.45
21.78	48.65	7.54	50	62.83	49.15
21.8	48.56	7.54	50	62.83	48.37
21.82	48.75	7.54	50	62.83	49.18
21.84	48.66	7.54	50	62.83	48.44
21.86	48.79	7.54	50	62.83	49.11
21.88	48.87	7.54	50	62.83	49.04
21.9	48.75	7.54	50	62.83	48.49
21.92	48.87	7.54	50	62.83	49.16
21.94	48.98	7.54	50	62.83	49.22
21.96	48.82	7.54	50	62.83	48.44
21.98	48.88	7.54	50	62.83	49.03
22.0	48.93	7.54	50	62.83	49.05
22.02	48.99	7.54	50	62.83	49.12
22.04	48.74	7.54	50	62.83	48.18
22.06	48.91	7.54	50	62.83	49.29
22.08	49.21	7.54	50	62.83	49.91
22.1	49.34	7.54	50	62.83	49.64
22.12	49.29	7.54	50	62.83	49.18
22.14	49.43	7.54	50	62.83	49.77
22.16	49.52	7.54	50	62.83	49.72
22.18	49.55	7.54	50	62.83	49.62
22.2	49.46	7.54	50	62.83	49.26
22.22	49.38	7.54	50	62.83	49.19
22.24	49.28	7.54	50	62.83	49.04
22.26	49.23	7.54	50	62.83	49.12
22.28	49.38	7.54	50	62.83	49.74
22.3	49.1	7.54	50	62.83	48.44
22.32	49.12	7.54	50	62.83	49.17
22.34	49.12	7.54	50	62.83	49.13
22.36	48.91	7.54	50	62.83	48.42
22.38	48.96	7.54	50	62.83	49.09
22.4	48.82	7.54	50	62.83	48.49
22.42	48.72	7.54	50	62.83	48.49
22.44	48.85	7.54	50	62.83	49.14
22.46	48.92	7.54	50	62.83	49.08
22.48	48.96	7.54	50	62.83	49.08
22.5	48.98	7.54	50	62.83	49.03
22.52	49.06	7.54	50	62.83	49.23
22.54	49.06	7.54	50	62.83	49.07
22.56	48.89	7.54	50	62.83	48.47
22.58	49.15	7.54	50	62.83	49.78
22.6	48.9	7.54	50	62.83	48.32
22.62	49.0	7.54	50	62.83	49.23
22.64	49.04	7.54	50	62.83	49.14
22.66	48.86	7.54	50	62.83	48.45
22.68	48.9	7.54	50	62.83	49.0
22.7	48.97	7.54	50	62.83	49.12
22.72	48.85	7.54	50	62.83	48.59
22.74	48.73	7.54	50	62.83	48.43
22.76	48.85	7.54	50	62.83	49.12
22.78	48.74	7.54	50	62.83	48.48
22.8	48.6	7.54	50	62.83	48.3
22.82	48.63	7.54	50	62.83	48.67
22.84	48.58	7.54	50	62.83	48.47
22.86	48.53	7.54	50	62.83	48.42
22.88	48.71	7.54	50	62.83	49.11
22.9	48.6	7.54	50	62.83	48.37
22.92	48.55	7.54	50	62.83	48.43
22.94	48.4	7.54	50	62.83	48.05
22.96	48.21	7.54	50	62.83	47.77
22.98	48.28	7.54	50	62.83	48.43
23.0	48.15	7.54	50	62.83	47.85
23.02	48.14	7.54	50	62.83	48.13
23.04	47.87	7.54	50	62.83	47.23
23.06	48.13	7.54	50	62.83	48.73
23.08	48.25	7.54	50	62.83	48.54
23.1	48.29	7.54	50	62.83	48.37
23.12	48.54	7.54	50	62.83	49.12
23.14	48.51	7.54	50	62.83	48.45
23.16	48.54	7.54	50	62.83	48.6
23.18	48.69	7.54	50	62.83	49.02
23.2	48.61	7.54	50	62.83	48.43
23.22	48.59	7.54	50	62.83	48.54
23.24	48.75	7.54	50	62.83	49.12
23.26	48.67	7.54	50	62.83	48.49
23.28	48.61	7.54	50	62.83	48.48
23.3	48.75	7.54	50	62.83	49.07
23.32	48.85	7.54	50	62.83	49.09
23.34	48.93	7.54	50	62.83	49.1
23.36	48.8	7.54	50	62.83	48.52
23.38	48.88	7.54	50	62.83	49.07
23.4	48.96	7.54	50	62.83	49.13
23.42	48.99	7.54	50	62.83	49.07
23.44	49.02	7.54	50	62.83	49.07
23.46	49.05	7.54	50	62.83	49.13
23.48	48.89	7.54	50	62.83	48.51
23.5	48.95	7.54	50	62.83	49.09
23.52	48.99	7.54	50	62.83	49.08
23.54	48.85	7.54	50	62.83	48.53
23.56	48.92	7.54	50	62.83	49.1
23.58	48.8	7.54	50	62.83	48.51
23.6	48.7	7.54	50	62.83	48.46
23.62	48.44	7.54	50	62.83	47.82
23.64	48.44	7.54	50	62.83	48.47
23.66	48.27	7.54	50	62.83	47.85
23.68	48.14	7.54	50	62.83	47.85
23.7	48.21	7.54	50	62.83	48.37
23.72	48.12	7.54	50	62.83	47.9
23.74	48.22	7.54	50	62.83	48.45
23.76	48.3	7.54	50	62.83	48.5
23.78	48.55	7.54	50	62.83	49.12
23.8	48.5	7.54	50	62.83	48.4
23.82	48.51	7.54	50	62.83	48.52
23.84	48.69	7.54	50	62.83	49.12
23.86	48.62	7.54	50	62.83	48.46
23.88	48.57	7.54	50	62.83	48.46
23.9	48.55	7.54	50	62.83	48.49
23.92	48.49	7.54	50	62.83	48.35
23.94	48.5	7.54	50	62.83	48.53
23.96	48.31	7.54	50	62.83	47.87
23.98	48.36	7.54	50	62.83	48.47
24.0	48.39	7.54	50	62.83	48.47
24.02	48.49	7.54	50	62.83	48.72
24.04	48.46	7.54	50	62.83	48.4
24.06	48.36	7.54	50	62.83	48.13
24.08	48.64	7.54	50	62.83	49.28
24.1	48.74	7.54	50	62.83	48.97
24.12	48.84	7.54	50	62.83	49.07
24.14	48.94	7.54	50	62.83	49.17
24.16	48.99	7.54	50	62.83	49.1
24.18	49.2	7.54	50	62.83	49.72
24.2	49.01	7.54	50	62.83	48.55
24.22	49.02	7.54	50	62.83	49.06
24.24	48.88	7.54	50	62.83	48.55
24.26	48.75	7.54	50	62.83	48.43
24.28	48.86	7.54	50	62.83	49.13
24.3	48.73	7.54	50	62.83	48.44
24.32	48.66	7.54	50	62.83	48.49
24.34	48.8	7.54	50	62.83	49.11
24.36	48.7	7.54	50	62.83	48.49
24.38	48.82	7.54	50	62.83	49.1
24.4	48.72	7.54	50	62.83	48.47
24.42	48.82	7.54	50	62.83	49.05
24.44	48.91	7.54	50	62.83	49.11
24.46	48.79	7.54	50	62.83	48.53
24.48	48.89	7.54	50	62.83	49.1
24.5	48.94	7.54	50	62.83	49.07
24.52	48.99	7.54	50	62.83	49.12
24.54	48.83	7.54	50	62.83	48.45
24.56	48.93	7.54	50	62.83	49.15
24.58	48.98	7.54	50	62.83	49.11
24.6	48.83	7.54	50	62.83	48.46
24.62	48.9	7.54	50	62.83	49.09
24.64	48.97	7.54	50	62.83	49.11
24.66	49.01	7.54	50	62.83	49.1
24.68	49.04	7.54	50	62.83	49.12
24.7	48.87	7.54	50	62.83	48.48
24.72	48.9	7.54	50	62.83	48.98
24.74	48.99	7.54	50	62.83	49.2
24.76	48.84	7.54	50	62.83	48.5
24.78	48.92	7.54	50	62.83	49.11
24.8	48.77	7.54	50	62.83	48.42
24.82	48.69	7.54	50	62.83	48.49
24.84	48.63	7.54	50	62.83	48.49
24.86	48.55	7.54	50	62.83	48.38
24.88	48.55	7.54	50	62.83	48.54
24.9	48.31	7.54	50	62.83	47.74
24.92	48.35	7.54	50	62.83	48.45
24.94	48.22	7.54	50	62.83	47.93
24.96	48.11	7.54	50	62.83	47.83
24.98	48.03	7.54	50	62.83	47.86
25.0	47.98	6.15	45	51.26	47.84
25.02	47.55	6.15	45	51.26	46.57
25.04	46.95	6.15	45	51.26	45.54
25.06	46.02	6.15	45	51.26	43.86
25.08	45.45	6.15	45	51.26	44.13
25.1	44.72	6.15	45	51.26	43.01
25.12	44.28	6.15	45	51.26	43.26
25.14	43.85	6.15	45	51.26	42.84
25.16	43.7	6.15	45	51.26	43.35
25.18	43.58	6.15	45	51.26	43.3
25.2	43.29	6.15	45	51.26	42.62
25.22	43.4	6.15	45	51.26	43.65
25.24	43.17	6.15	45	51.26	42.64
25.26	43.26	6.15	45	51.26	43.47
25.28	43.1	6.15	45	51.26	42.73
25.3	43.17	6.15	45	51.26	43.31
25.32	43.22	6.15	45	51.26	43.35
25.34	43.08	6.15	45	51.26	42.75
25.36	43.17	6.15	45	51.26	43.39
25.38	43.02	6.15	45	51.26	42.66
25.4	43.15	6.15	45	51.26	43.46
25.42	43.39	6.15	45	51.26	43.95
25.44	43.35	6.15	45	51.26	43.24
25.46	43.41	6.15	45	51.26	43.55
25.48	43.39	6.15	45	51.26	43.36
25.5	43.58	6.15	45	51.26	44.01
25.52	43.5	6.15	45	51.26	43.3
25.54	43.29	6.15	45	51.26	42.8
25.56	43.3	6.15	45	51.26	43.34
25.58	43.14	6.15	45	51.26	42.75
25.6	43.21	6.15	45	51.26	43.39
25.62	43.05	6.15	45	51.26	42.68
25.64	43.16	6.15	45	51.26	43.41
25.66	43.22	6.15	45	51.26	43.36
25.68	43.27	6.15	45	51.26	43.37
25.7	43.28	6.15	45	51.26	43.33
25.72	43.32	6.15	45	51.26	43.39
25.74	43.31	6.15	45	51.26	43.3
25.76	43.35	6.15	45	51.26	43.43
25.78	43.36	6.15	45	51.26	43.39
25.8	43.34	6.15	45	51.26	43.29
25.82	43.35	6.15	45	51.26	43.38
25.84	43.37	6.15	45	51.26	43.42
25.86	43.37	6.15	45	51.26	43.37
25.88	43.36	6.15	45	51.26	43.35
25.9	43.38	6.15	45	51.26	43.43
25.92	43.33	6.15	45	51.26	43.2
25.94	43.57	6.15	45	51.26	44.12
25.96	43.51	6.15	45	51.26	43.38
25.98	43.54	6.15	45	51.26	43.62
26.0	43.39	6.15	45	51.26	43.03
26.02	43.59	6.15	45	51.26	44.07
26.04	43.6	6.15	45	51.26	43.6
26.06	43.57	6.15	45	51.26	43.52
26.08	43.71	6.15	45	51.26	44.02
26.1	43.82	6.15	45	51.26	44.1
26.12	43.9	6.15	45	51.26	44.09
26.14	43.75	6.15	45	51.26	43.37
26.16	43.66	6.15	45	51.26	43.45
26.18	43.74	6.15	45	51.26	43.95
26.2	43.62	6.15	45	51.26	43.35
26.22	43.54	6.15	45	51.26	43.33
26.24	43.49	6.15	45	51.26	43.38
26.26	43.43	6.15	45	51.26	43.29
26.28	43.45	6.15	45	51.26	43.49
26.3	43.4	6.15	45	51.26	43.3
26.32	43.38	6.15	45	51.26	43.33
26.34	43.6	6.15	45	51.26	44.1
26.36	43.71	6.15	45	51.26	43.99
26.38	43.62	6.15	45	51.26	43.39
26.4	43.55	6.15	45	51.26	43.38
26.42	43.49	6.15	45	51.26	43.35
26.44	43.46	6.15	45	51.26	43.39
26.46	43.43	6.15	45	51.26	43.37
26.48	43.41	6.15	45	51.26	43.35
26.5	43.39	6.15	45	51.26	43.35
26.52	43.37	6.15	45	51.26	43.32
26.54	43.39	6.15	45	51.26	43.43
26.56	43.57	6.15	45	51.26	43.98
26.58	43.31	6.15	45	51.26	42.72
26.6	43.34	6.15	45	51.26	43.41
26.62	43.51	6.15	45	51.26	43.9
26.64	43.5	6.15	45	51.26	43.47
26.66	43.45	6.15	45	51.26	43.35
26.68	43.43	6.15	45	51.26	43.39
26.7	43.42	6.15	45	51.26	43.38
26.72	43.37	6.15	45	51.26	43.26
26.74	43.39	6.15	45	51.26	43.45
26.76	43.17	6.15	45	51.26	42.63
26.78	43.07	6.15	45	51.26	42.85
26.8	42.94	6.15	45	51.26	42.64
26.82	42.89	6.15	45	51.26	42.76
26.84	43.04	6.15	45	51.26	43.39
26.86	42.94	6.15	45	51.26	42.73
26.88	43.08	6.15	45	51.26	43.41
26.9	42.98	6.15	45	51.26	42.73
26.92	43.06	6.15	45	51.26	43.26
26.94	42.99	6.15	45	51.26	42.83
26.96	43.09	6.15	45	51.26	43.33
26.98	43.17	6.15	45	51.26	43.34
27.0	43.05	6.15	45	51.26	42.78
27.02	43.17	6.15	45	51.26	43.45
27.04	42.94	6.15	45	51.26	42.39
27.06	42.99	6.15	45	51.26	43.12
27.08	43.35	6.15	45	51.26	44.18
27.1	43.26	6.15	45	51.26	43.06
27.12	43.42	6.15	45	51.26	43.79
27.14	43.4	6.15	45	51.26	43.34
27.16	43.43	6.15	45	51.26	43.5
27.18	43.4	6.15	45	51.26	43.32
27.2	43.59	6.15	45	51.26	44.05
27.22	43.55	6.15	45	51.26	43.46
27.24	43.49	6.15	45	51.26	43.33
27.26	43.47	6.15	45	51.26	43.43
27.28	43.39	6.15	45	51.26	43.22
27.3	43.42	6.15	45	51.26	43.48
27.32	43.42	6.15	45	51.26	43.41
27.34	43.58	6.15	45	51.26	43.95
27.36	43.53	6.15	45	51.26	43.42
27.38	43.47	6.15	45	51.26	43.33
27.4	43.45	6.15	45	51.26	43.41
27.42	43.6	6.15	45	51.26	43.95
27.44	43.54	6.15	45	51.26	43.4
27.46	43.49	6.15	45	51.26	43.39
27.48	43.44	6.15	45	51.26	43.32
27.5	43.43	6.15	45	51.26	43.41
27.52	43.4	6.15	45	51.26	43.33
27.54	43.4	6.15	45	51.26	43.4
27.56	43.2	6.15	45	51.26	42.74
27.58	43.24	6.15	45	51.26	43.34
27.6	43.28	6.15	45	51.26	43.36
27.62	43.31	6.15	45	51.26	43.38
27.64	43.33	6.15	45	51.26	43.37
27.66	43.35	6.15	45	51.26	43.39
27.68	43.35	6.15	45	51.26	43.36
27.7	43.36	6.15	45	51.26	43.37
27.72	43.35	6.15	45	51.26	43.35
27.74	43.16	6.15	45	51.26	42.72
27.76	43.22	6.15	45	51.26	43.37
27.78	43.25	6.15	45	51.26	43.3
27.8	43.11	6.15	45	51.26	42.78
27.82	43.0	6.15	45	51.26	42.76
27.84	43.09	6.15	45	51.26	43.29
27.86	43.01	6.15	45	51.26	42.83
27.88	43.11	6.15	45	51.26	43.34
27.9	43.01	6.15	45	51.26	42.79
27.92	43.08	6.15	45	51.26	43.23
27.94	42.99	6.15	45	51.26	42.78
27.96	43.11	6.15	45	51.26	43.38
27.98	42.99	6.15	45	51.26	42.71
28.0	42.93	6.15	45	51.26	42.78
28.02	43.15	6.15	45	51.26	43.67
28.04	43.02	6.15	45	51.26	42.71
28.06	43.07	6.15	45	51.26	43.19
28.08	42.82	6.15	45	51.26	42.23
28.1	42.8	6.15	45	51.26	42.77
28.12	42.54	6.15	45	51.26	41.92
28.14	42.51	6.15	45	51.26	42.44
28.16	42.56	6.15	45	51.26	42.68
28.18	42.62	6.15	45	51.26	42.77
28.2	42.67	6.15	45	51.26	42.79
28.22	42.68	6.15	45	51.26	42.71
28.24	42.74	6.15	45	51.26	42.86
28.26	42.74	6.15	45	51.26	42.74
28.28	42.72	6.15	45	51.26	42.67
28.3	42.89	6.15	45	51.26	43.29
28.32	43.06	6.15	45	51.26	43.45
28.34	42.95	6.15	45	51.26	42.7
28.36	43.1	6.15	45	51.26	43.46
28.38	42.97	6.15	45	51.26	42.67
28.4	43.11	6.15	45	51.26	43.45
28.42	43.19	6.15	45	51.26	43.36
28.44	43.23	6.15	45	51.26	43.33
28.46	43.09	6.15	45	51.26	42.77
28.48	43.17	6.15	45	51.26	43.37
28.5	43.23	6.15	45	51.26	43.37
28.52	43.08	6.15	45	51.26	42.74
28.54	43.16	6.15	45	51.26	43.35
28.56	43.23	6.15	45	51.26	43.37
28.58	43.27	6.15	45	51.26	43.37
28.6	43.3	6.15	45	51.26	43.38
28.62	43.14	6.15	45	51.26	42.75
28.64	43.35	6.15	45	51.26	43.85
28.66	43.38	6.15	45	51.26	43.46
28.68	43.38	6.15	45	51.26	43.37
28.7	43.58	6.15	45	51.26	44.03
28.72	43.51	6.15	45	51.26	43.35
28.74	43.46	6.15	45	51.26	43.35
28.76	43.44	6.15	45	51.26	43.39
28.78	43.61	6.15	45	51.26	44.01
28.8	43.69	6.15	45	51.26	43.89
28.82	43.63	6.15	45	51.26	43.5
28.84	43.53	6.15	45	51.26	43.3
28.86	43.5	6.15	45	51.26	43.42
28.88	43.64	6.15	45	51.26	43.97
28.9	43.57	6.15	45	51.26	43.4
28.92	43.45	6.15	45	51.26	43.18
28.94	43.49	6.15	45	51.26	43.57
28.96	43.64	6.15	45	51.26	44.0
28.98	43.75	6.15	45	51.26	44.0
29.0	43.83	6.15	45	51.26	44.02
29.02	43.89	6.15	45	51.26	44.04
29.04	43.63	6.15	45	51.26	43.02
29.06	43.71	6.15	45	51.26	43.91
29.08	44.01	6.15	45	51.26	44.69
29.1	43.89	6.15	45	51.26	43.63
29.12	43.75	6.15	45	51.26	43.43
29.14	43.78	6.15	45	51.26	43.84
29.16	43.86	6.15	45	51.26	44.04
29.18	43.88	6.15	45	51.26	43.94
29.2	43.95	6.15	45	51.26	44.1
29.22	43.98	6.15	45	51.26	44.04
29.24	43.79	6.15	45	51.26	43.35
29.26	43.69	6.15	45	51.26	43.46
29.28	43.77	6.15	45	51.26	43.95
29.3	43.65	6.15	45	51.26	43.36
29.32	43.57	6.15	45	51.26	43.38
29.34	43.52	6.15	45	51.26	43.41
29.36	43.48	6.15	45	51.26	43.38
29.38	43.45	6.15	45	51.26	43.38
29.4	43.4	6.15	45	51.26	43.3
29.42	43.42	6.15	45	51.26	43.44
29.44	43.38	6.15	45	51.26	43.31
29.46	43.2	6.15	45	51.26	42.79
29.48	43.06	6.15	45	51.26	42.73
29.5	42.96	6.15	45	51.26	42.72
29.52	42.89	6.15	45	51.26	42.74
29.54	42.63	6.15	45	51.26	42.03
29.56	42.68	6.15	45	51.26	42.79
29.58	42.7	6.15	45	51.26	42.74
29.6	42.71	6.15	45	51.26	42.73
29.62	42.72	6.15	45	51.26	42.75
29.64	42.7	6.15	45	51.26	42.67
29.66	42.73	6.15	45	51.26	42.78
29.68	42.91	6.15	45	51.26	43.34
29.7	43.05	6.15	45	51.26	43.36
29.72	42.96	6.15	45	51.26	42.76
29.74	43.06	6.15	45	51.26	43.3
29.76	42.97	6.15	45	51.26	42.77
29.78	43.1	6.15	45	51.26	43.39
29.8	43.16	6.15	45	51.26	43.32
29.82	43.22	6.15	45	51.26	43.35
29.84	43.07	6.15	45	51.26	42.72
29.86	43.18	6.15	45	51.26	43.44
29.88	43.23	6.15	45	51.26	43.35
29.9	43.27	6.15	45	51.26	43.36
29.92	43.08	6.15	45	51.26	42.63
29.94	43.2	6.15	45	51.26	43.47
29.96	43.25	6.15	45	51.26	43.39
29.98	43.29	6.15	45	51.26	43.38
30.0	43.29	4.76	40	39.69	43.29
30.02	42.86	4.76	40	39.69	41.85
30.04	42.3	4.76	40	39.69	40.99
30.06	41.5	4.76	40	39.69	39.63
30.08	40.76	4.76	40	39.69	39.03
30.1	40.14	4.76	40	39.69	38.71
30.12	39.42	4.76	40	39.69	37.71
30.14	39.01	4.76	40	39.69	38.06
30.16	38.79	4.76	40	39.69	38.28
30.18	38.62	4.76	40	39.69	38.23
30.2	38.72	4.76	40	39.69	38.93
30.22	38.6	4.76	40	39.69	38.33
30.24	38.37	4.76	40	39.69	37.83
30.26	38.33	4.76	40	39.69	38.24
30.28	38.49	4.76	40	39.69	38.86
30.3	38.6	4.76	40	39.69	38.85
30.32	38.52	4.76	40	39.69	38.33
30.34	38.61	4.76	40	39.69	38.82
30.36	38.72	4.76	40	39.69	38.99
30.38	38.78	4.76	40	39.69	38.9
30.4	38.62	4.76	40	39.69	38.26
30.42	38.69	4.76	40	39.69	38.86
30.44	38.58	4.76	40	39.69	38.3
30.46	38.68	4.76	40	39.69	38.91
30.48	38.55	4.76	40	39.69	38.26
30.5	38.46	4.76	40	39.69	38.26
30.52	38.6	4.76	40	39.69	38.92
30.54	38.51	4.76	40	39.69	38.28
30.56	38.42	4.76	40	39.69	38.23
30.58	38.41	4.76	40	39.69	38.39
30.6	38.33	4.76	40	39.69	38.13
30.62	38.12	4.76	40	39.69	37.64
30.64	37.98	4.76	40	39.69	37.65
30.66	37.87	4.76	40	39.69	37.61
30.68	37.79	4.76	40	39.69	37.6
30.7	37.74	4.76	40	39.69	37.62
30.72	37.71	4.76	40	39.69	37.64
30.74	37.67	4.76	40	39.69	37.59
30.76	37.48	4.76	40	39.69	37.02
30.78	37.52	4.76	40	39.69	37.6
30.8	37.17	4.76	40	39.69	36.36
30.82	37.13	4.76	40	39.69	37.05
30.84	37.26	4.76	40	39.69	37.54
30.86	37.21	4.76	40	39.69	37.09
30.88	37.1	4.76	40	39.69	36.86
30.9	37.09	4.76	40	39.69	37.08
30.92	37.05	4.76	40	39.69	36.95
30.94	37.04	4.76	40	39.69	37.03
30.96	37.05	4.76	40	39.69	37.06
30.98	37.19	4.76	40	39.69	37.52
31.0	37.13	4.76	40	39.69	36.99
31.02	37.0	4.76	40	39.69	36.71
31.04	37.12	4.76	40	39.69	37.38
31.06	37.06	4.76	40	39.69	36.93
31.08	37.24	4.76	40	39.69	37.66
31.1	37.25	4.76	40	39.69	37.26
31.12	37.37	4.76	40	39.69	37.66
31.14	37.59	4.76	40	39.69	38.09
31.16	37.72	4.76	40	39.69	38.03
31.18	37.69	4.76	40	39.69	37.61
31.2	37.86	4.76	40	39.69	38.28
31.22	37.99	4.76	40	39.69	38.28
31.24	37.86	4.76	40	39.69	37.56
31.26	37.82	4.76	40	39.69	37.71
31.28	37.94	4.76	40	39.69	38.24
31.3	38.03	4.76	40	39.69	38.23
31.32	37.92	4.76	40	39.69	37.66
31.34	38.03	4.76	40	39.69	38.28
31.36	37.88	4.76	40	39.69	37.54
31.38	37.83	4.76	40	39.69	37.71
31.4	37.96	4.76	40	39.69	38.25
31.42	38.05	4.76	40	39.69	38.27
31.44	37.93	4.76	40	39.69	37.65
31.46	38.03	4.76	40	39.69	38.26
31.48	37.91	4.76	40	39.69	37.64
31.5	38.01	4.76	40	39.69	38.25
31.52	38.09	4.76	40	39.69	38.28
31.54	38.15	4.76	40	39.69	38.27
31.56	38.37	4.76	40	39.69	38.89
31.58	38.54	4.76	40	39.69	38.92
31.6	38.64	4.76	40	39.69	38.88
31.62	38.72	4.76	40	39.69	38.9
31.64	38.78	4.76	40	39.69	38.91
31.66	38.82	4.76	40	39.69	38.91
31.68	39.04	4.76	40	39.69	39.55
31.7	39.08	4.76	40	39.69	39.17
31.72	38.93	4.76	40	39.69	38.58
31.74	38.93	4.76	40	39.69	38.94
31.76	39.11	4.76	40	39.69	39.51
31.78	39.05	4.76	40	39.69	38.92
31.8	39.19	4.76	40	39.69	39.51
31.82	39.11	4.76	40	39.69	38.94
31.84	39.05	4.76	40	39.69	38.89
31.86	39.18	4.76	40	39.69	39.49
31.88	39.12	4.76	40	39.69	38.97
31.9	39.24	4.76	40	39.69	39.54
31.92	39.29	4.76	40	39.69	39.4
31.94	39.21	4.76	40	39.69	39.01
31.96	39.11	4.76	40	39.69	38.9
31.98	39.19	4.76	40	39.69	39.37
32.0	38.96	4.76	40	39.69	38.43
32.02	38.8	4.76	40	39.69	38.41
32.04	38.48	4.76	40	39.69	37.72
32.06	38.31	4.76	40	39.69	37.91
32.08	38.35	4.76	40	39.69	38.44
32.1	38.27	4.76	40	39.69	38.1
32.12	38.0	4.76	40	39.69	37.36
32.14	38.0	4.76	40	39.69	38.01
32.16	37.89	4.76	40	39.69	37.62
32.18	37.81	4.76	40	39.69	37.63
32.2	37.76	4.76	40	39.69	37.65
32.22	37.72	4.76	40	39.69	37.63
32.24	37.68	4.76	40	39.69	37.57
32.26	37.48	4.76	40	39.69	37.04
32.28	37.53	4.76	40	39.69	37.64
32.3	37.55	4.76	40	39.69	37.59
32.32	37.58	4.76	40	39.69	37.66
32.34	37.4	4.76	40	39.69	36.99
32.36	37.47	4.76	40	39.69	37.61
32.38	37.31	4.76	40	39.69	36.93
32.4	37.42	4.76	40	39.69	37.7
32.42	37.29	4.76	40	39.69	36.99
32.44	37.4	4.76	40	39.69	37.63
32.46	37.27	4.76	40	39.69	36.98
32.48	37.19	4.76	40	39.69	37.0
32.5	37.32	4.76	40	39.69	37.61
32.52	37.22	4.76	40	39.69	37.0
32.54	37.15	4.76	40	39.69	37.0
32.56	37.1	4.76	40	39.69	36.98
32.58	37.07	4.76	40	39.69	37.0
32.6	37.24	4.76	40	39.69	37.62
32.62	37.16	4.76	40	39.69	36.99
32.64	37.11	4.76	40	39.69	37.0
32.66	37.07	4.76	40	39.69	36.98
32.68	37.24	4.76	40	39.69	37.64
32.7	37.16	4.76	40	39.69	36.98
32.72	37.31	4.76	40	39.69	37.63
32.74	37.21	4.76	40	39.69	36.98
32.76	37.33	4.76	40	39.69	37.6
32.78	37.42	4.76	40	39.69	37.63
32.8	37.43	4.76	40	39.69	37.45
32.82	37.34	4.76	40	39.69	37.14
32.84	37.63	4.76	40	39.69	38.3
32.86	37.82	4.76	40	39.69	38.28
32.88	37.94	4.76	40	39.69	38.21
32.9	38.04	4.76	40	39.69	38.27
32.92	38.1	4.76	40	39.69	38.24
32.94	38.16	4.76	40	39.69	38.31
32.96	38.39	4.76	40	39.69	38.91
32.98	38.36	4.76	40	39.69	38.29
33.0	38.31	4.76	40	39.69	38.2
33.02	38.36	4.76	40	39.69	38.47
33.04	38.26	4.76	40	39.69	38.04
33.06	38.29	4.76	40	39.69	38.37
33.08	38.49	4.76	40	39.69	38.96
33.1	38.57	4.76	40	39.69	38.73
33.12	38.49	4.76	40	39.69	38.3
33.14	38.43	4.76	40	39.69	38.3
33.16	38.56	4.76	40	39.69	38.88
33.18	38.48	4.76	40	39.69	38.28
33.2	38.6	4.76	40	39.69	38.87
33.22	38.51	4.76	40	39.69	38.32
33.24	38.44	4.76	40	39.69	38.27
33.26	38.58	4.76	40	39.69	38.9
33.28	38.67	4.76	40	39.69	38.89
33.3	38.55	4.76	40	39.69	38.25
33.32	38.67	4.76	40	39.69	38.94
33.34	38.55	4.76	40	39.69	38.29
33.36	38.46	4.76	40	39.69	38.26
33.38	38.22	4.76	40	39.69	37.65
33.4	38.21	4.76	40	39.69	38.18
33.42	38.44	4.76	40	39.69	38.98
33.44	38.39	4.76	40	39.69	38.28
33.46	38.35	4.76	40	39.69	38.26
33.48	38.14	4.76	40	39.69	37.63
33.5	38.17	4.76	40	39.69	38.26
33.52	38.19	4.76	40	39.69	38.25
33.54	38.22	4.76	40	39.69	38.28
33.56	38.05	4.76	40	39.69	37.64
33.58	38.11	4.76	40	39.69	38.26
33.6	37.97	4.76	40	39.69	37.63
33.62	37.86	4.76	40	39.69	37.62
33.64	37.79	4.76	40	39.69	37.62
33.66	37.74	4.76	40	39.69	37.62
33.68	37.71	4.76	40	39.69	37.65
33.7	37.88	4.76	40	39.69	38.26
33.72	37.8	4.76	40	39.69	37.63
33.74	37.94	4.76	40	39.69	38.26
33.76	37.84	4.76	40	39.69	37.61
33.78	37.78	4.76	40	39.69	37.63
33.8	37.53	4.76	40	39.69	36.96
33.82	37.38	4.76	40	39.69	37.02
33.84	37.46	4.76	40	39.69	37.64
33.86	37.51	4.76	40	39.69	37.63
33.88	37.36	4.76	40	39.69	37.0
33.9	37.41	4.76	40	39.69	37.54
33.92	37.28	4.76	40	39.69	36.98
33.94	37.41	4.76	40	39.69	37.69
33.96	37.27	4.76	40	39.69	36.96
33.98	37.19	4.76	40	39.69	37.01
34.0	37.14	4.76	40	39.69	37.01
34.02	37.16	4.76	40	39.69	37.21
34.04	37.21	4.76	40	39.69	37.31
34.06	37.16	4.76	40	39.69	37.04
34.08	37.11	4.76	40	39.69	37.01
34.1	37.24	4.76	40	39.69	37.55
34.12	37.18	4.76	40	39.69	37.02
34.14	37.13	4.76	40	39.69	37.02
34.16	37.41	4.76	40	39.69	38.05
34.18	37.47	4.76	40	39.69	37.62
34.2	37.53	4.76	40	39.69	37.66
34.22	37.75	4.76	40	39.69	38.26
34.24	37.71	4.76	40	39.69	37.63
34.26	37.74	4.76	40	39.69	37.81
34.28	37.71	4.76	40	39.69	37.63
34.3	37.86	4.76	40	39.69	38.2
34.32	37.8	4.76	40	39.69	37.68
34.34	37.95	4.76	40	39.69	38.28
34.36	38.04	4.76	40	39.69	38.27
34.38	38.11	4.76	40	39.69	38.27
34.4	38.16	4.76	40	39.69	38.27
34.42	38.16	4.76	40	39.69	38.18
34.44	38.22	4.76	40	39.69	38.34
34.46	38.42	4.76	40	39.69	38.9
34.48	38.38	4.76	40	39.69	38.28
34.5	38.34	4.76	40	39.69	38.26
34.52	38.51	4.76	40	39.69	38.91
34.54	38.44	4.76	40	39.69	38.26
34.56	38.58	4.76	40	39.69	38.92
34.58	38.49	4.76	40	39.69	38.28
34.6	38.6	4.76	40	39.69	38.84
34.62	38.5	4.76	40	39.69	38.29
34.64	38.43	4.76	40	39.69	38.26
34.66	38.38	4.76	40	39.69	38.25
34.68	38.15	4.76	40	39.69	37.63
34.7	38.0	4.76	40	39.69	37.63
34.72	37.88	4.76	40	39.69	37.62
34.74	38.01	4.76	40	39.69	38.3
34.76	37.89	4.76	40	39.69	37.6
34.78	37.81	4.76	40	39.69	37.63
34.8	37.93	4.76	40	39.69	38.2
34.82	37.85	4.76	40	39.69	37.67
34.84	37.79	4.76	40	39.69	37.63
34.86	37.74	4.76	40	39.69	37.62
34.88	37.71	4.76	40	39.69	37.64
34.9	37.68	4.76	40	39.69	37.62
34.92	37.81	4.76	40	39.69	38.11
34.94	37.8	4.76	40	39.69	37.78
34.96	37.94	4.76	40	39.69	38.27
34.98	38.03	4.76	40	39.69	38.23
35.0	37.92	3.38	35	28.13	37.68
35.02	37.94	3.38	35	28.13	37.99
35.04	37.28	3.38	35	28.13	35.72
35.06	36.66	3.38	35	28.13	35.2
35.08	35.98	3.38	35	28.13	34.4
35.1	35.19	3.38	35	28.13	33.35
35.12	34.78	3.38	35	28.13	33.84
35.14	34.11	3.38	35	28.13	32.54
35.16	33.82	3.38	35	28.13	33.14
35.18	33.64	3.38	35	28.13	33.22
35.2	33.48	3.38	35	28.13	33.12
35.22	33.2	3.38	35	28.13	32.55
35.24	33.2	3.38	35	28.13	33.18
35.26	33.18	3.38	35	28.13	33.16
35.28	32.99	3.38	35	28.13	32.52
35.3	33.03	3.38	35	28.13	33.13
35.32	32.89	3.38	35	28.13	32.57
35.34	32.78	3.38	35	28.13	32.52
35.36	32.7	3.38	35	28.13	32.51
35.38	32.65	3.38	35	28.13	32.54
35.4	32.62	3.38	35	28.13	32.53
35.42	32.59	3.38	35	28.13	32.51
35.44	32.53	3.38	35	28.13	32.41
35.46	32.56	3.38	35	28.13	32.63
35.48	32.74	3.38	35	28.13	33.16
35.5	32.68	3.38	35	28.13	32.54
35.52	32.83	3.38	35	28.13	33.16
35.54	32.74	3.38	35	28.13	32.53
35.56	32.86	3.38	35	28.13	33.15
35.58	32.95	3.38	35	28.13	33.17
35.6	32.83	3.38	35	28.13	32.53
35.62	32.93	3.38	35	28.13	33.16
35.64	32.81	3.38	35	28.13	32.53
35.66	32.72	3.38	35	28.13	32.53
35.68	32.66	3.38	35	28.13	32.51
35.7	32.63	3.38	35	28.13	32.55
35.72	32.59	3.38	35	28.13	32.52
35.74	32.56	3.38	35	28.13	32.49
35.76	32.56	3.38	35	28.13	32.57
35.78	32.47	3.38	35	28.13	32.26
35.8	32.37	3.38	35	28.13	32.13
35.82	32.42	3.38	35	28.13	32.53
35.84	32.44	3.38	35	28.13	32.51
35.86	32.48	3.38	35	28.13	32.55
35.88	32.49	3.38	35	28.13	32.53
35.9	32.5	3.38	35	28.13	32.53
35.92	32.3	3.38	35	28.13	31.82
35.94	32.37	3.38	35	28.13	32.52
35.96	32.22	3.38	35	28.13	31.86
35.98	32.13	3.38	35	28.13	31.94
36.0	31.87	3.38	35	28.13	31.26
36.02	31.77	3.38	35	28.13	31.53
36.04	31.74	3.38	35	28.13	31.67
36.06	32.07	3.38	35	28.13	32.83
36.08	32.23	3.38	35	28.13	32.6
36.1	32.19	3.38	35	28.13	32.1
36.12	32.3	3.38	35	28.13	32.56
36.14	32.18	3.38	35	28.13	31.9
36.16	32.1	3.38	35	28.13	31.9
36.18	32.22	3.38	35	28.13	32.5
36.2	32.32	3.38	35	28.13	32.54
36.22	32.19	3.38	35	28.13	31.89
36.24	32.29	3.38	35	28.13	32.52
36.26	32.36	3.38	35	28.13	32.52
36.28	32.22	3.38	35	28.13	31.89
36.3	32.48	3.38	35	28.13	33.08
36.32	32.32	3.38	35	28.13	31.96
36.34	32.39	3.38	35	28.13	32.54
36.36	32.43	3.38	35	28.13	32.53
36.38	32.46	3.38	35	28.13	32.52
36.4	32.48	3.38	35	28.13	32.54
36.42	32.49	3.38	35	28.13	32.53
36.44	32.5	3.38	35	28.13	32.52
36.46	32.49	3.38	35	28.13	32.46
36.48	32.52	3.38	35	28.13	32.59
36.5	32.52	3.38	35	28.13	32.53
36.52	32.52	3.38	35	28.13	32.52
36.54	32.72	3.38	35	28.13	33.18
36.56	32.66	3.38	35	28.13	32.53
36.58	32.62	3.38	35	28.13	32.52
36.6	32.78	3.38	35	28.13	33.16
36.62	32.71	3.38	35	28.13	32.53
36.64	32.65	3.38	35	28.13	32.52
36.66	32.81	3.38	35	28.13	33.17
36.68	32.91	3.38	35	28.13	33.16
36.7	32.8	3.38	35	28.13	32.53
36.72	32.9	3.38	35	28.13	33.15
36.74	32.98	3.38	35	28.13	33.17
36.76	33.04	3.38	35	28.13	33.15
36.78	33.27	3.38	35	28.13	33.8
36.8	33.41	3.38	35	28.13	33.74
36.82	33.54	3.38	35	28.13	33.84
36.84	33.8	3.38	35	28.13	34.42
36.86	33.81	3.38	35	28.13	33.83
36.88	33.81	3.38	35	28.13	33.79
36.9	34.0	3.38	35	28.13	34.44
36.92	33.92	3.38	35	28.13	33.73
36.94	33.9	3.38	35	28.13	33.86
36.96	34.05	3.38	35	28.13	34.39
36.98	33.99	3.38	35	28.13	33.85
37.0	33.94	3.38	35	28.13	33.82
37.02	33.96	3.38	35	28.13	34.01
37.04	33.65	3.38	35	28.13	32.93
37.06	33.83	3.38	35	28.13	34.25
37.08	33.84	3.38	35	28.13	33.85
37.1	33.79	3.38	35	28.13	33.68
37.12	33.8	3.38	35	28.13	33.82
37.14	33.81	3.38	35	28.13	33.83
37.16	33.81	3.38	35	28.13	33.8
37.18	33.86	3.38	35	28.13	33.99
37.2	33.67	3.38	35	28.13	33.21
37.22	33.7	3.38	35	28.13	33.79
37.24	33.54	3.38	35	28.13	33.18
37.26	33.23	3.38	35	28.13	32.49
37.28	33.02	3.38	35	28.13	32.53
37.3	32.86	3.38	35	28.13	32.48
37.32	32.77	3.38	35	28.13	32.56
37.34	32.71	3.38	35	28.13	32.56
37.36	32.46	3.38	35	28.13	31.9
37.38	32.48	3.38	35	28.13	32.51
37.4	32.5	3.38	35	28.13	32.54
37.42	32.5	3.38	35	28.13	32.5
37.44	32.32	3.38	35	28.13	31.9
37.46	32.38	3.38	35	28.13	32.53
37.48	32.41	3.38	35	28.13	32.46
37.5	32.27	3.38	35	28.13	31.96
37.52	32.34	3.38	35	28.13	32.49
37.54	32.21	3.38	35	28.13	31.92
37.56	32.31	3.38	35	28.13	32.53
37.58	32.18	3.38	35	28.13	31.88
37.6	32.28	3.38	35	28.13	32.52
37.62	32.16	3.38	35	28.13	31.86
37.64	32.08	3.38	35	28.13	31.91
37.66	32.03	3.38	35	28.13	31.9
37.68	31.98	3.38	35	28.13	31.88
37.7	31.96	3.38	35	28.13	31.9
37.72	31.93	3.38	35	28.13	31.85
37.74	31.92	3.38	35	28.13	31.91
37.76	31.91	3.38	35	28.13	31.89
37.78	31.91	3.38	35	28.13	31.89
37.8	32.08	3.38	35	28.13	32.48
37.82	32.02	3.38	35	28.13	31.88
37.84	31.99	3.38	35	28.13	31.92
37.86	31.96	3.38	35	28.13	31.88
37.88	31.94	3.38	35	28.13	31.89
37.9	32.12	3.38	35	28.13	32.55
37.92	32.21	3.38	35	28.13	32.43
37.94	32.14	3.38	35	28.13	31.96
37.96	32.06	3.38	35	28.13	31.87
37.98	32.13	3.38	35	28.13	32.3
38.0	32.31	3.38	35	28.13	32.74
38.02	32.31	3.38	35	28.13	32.31
38.04	32.39	3.38	35	28.13	32.57
38.06	32.61	3.38	35	28.13	33.14
38.08	32.8	3.38	35	28.13	33.22
38.1	32.88	3.38	35	28.13	33.08
38.12	32.98	3.38	35	28.13	33.21
38.14	33.22	3.38	35	28.13	33.78
38.16	33.2	3.38	35	28.13	33.16
38.18	33.24	3.38	35	28.13	33.34
38.2	33.44	3.38	35	28.13	33.9
38.22	33.35	3.38	35	28.13	33.15
38.24	33.47	3.38	35	28.13	33.75
38.26	33.39	3.38	35	28.13	33.21
38.28	33.32	3.38	35	28.13	33.14
38.3	33.47	3.38	35	28.13	33.82
38.32	33.36	3.38	35	28.13	33.12
38.34	33.31	3.38	35	28.13	33.19
38.36	33.27	3.38	35	28.13	33.16
38.38	33.43	3.38	35	28.13	33.8
38.4	33.35	3.38	35	28.13	33.17
38.42	33.47	3.38	35	28.13	33.76
38.44	33.39	3.38	35	28.13	33.2
38.46	33.32	3.38	35	28.13	33.16
38.48	33.46	3.38	35	28.13	33.77
38.5	33.55	3.38	35	28.13	33.77
38.52	33.45	3.38	35	28.13	33.21
38.54	33.37	3.38	35	28.13	33.18
38.56	33.3	3.38	35	28.13	33.16
38.58	33.25	3.38	35	28.13	33.13
38.6	33.24	3.38	35	28.13	33.23
38.62	33.22	3.38	35	28.13	33.16
38.64	33.01	3.38	35	28.13	32.53
38.66	33.06	3.38	35	28.13	33.18
38.68	33.08	3.38	35	28.13	33.13
38.7	33.11	3.38	35	28.13	33.16
38.72	33.12	3.38	35	28.13	33.16
38.74	32.96	3.38	35	28.13	32.6
38.76	33.0	3.38	35	28.13	33.07
38.78	32.97	3.38	35	28.13	32.9
38.8	33.03	3.38	35	28.13	33.17
38.82	33.07	3.38	35	28.13	33.18
38.84	33.1	3.38	35	28.13	33.17
38.86	32.94	3.38	35	28.13	32.55
38.88	32.87	3.38	35	28.13	32.72
38.9	32.96	3.38	35	28.13	33.18
38.92	32.81	3.38	35	28.13	32.47
38.94	32.74	3.38	35	28.13	32.58
38.96	32.69	3.38	35	28.13	32.55
38.98	32.62	3.38	35	28.13	32.48
39.0	32.59	3.38	35	28.13	32.5
39.02	32.48	3.38	35	28.13	32.24
39.04	32.4	3.38	35	28.13	32.21
39.06	32.36	3.38	35	28.13	32.28
39.08	32.42	3.38	35	28.13	32.55
39.1	32.32	3.38	35	28.13	32.09
39.12	32.2	3.38	35	28.13	31.93
39.14	32.1	3.38	35	28.13	31.87
39.16	32.05	3.38	35	28.13	31.91
39.18	31.99	3.38	35	28.13	31.87
39.2	31.97	3.38	35	28.13	31.9
39.22	31.95	3.38	35	28.13	31.9
39.24	31.92	3.38	35	28.13	31.87
39.26	31.73	3.38	35	28.13	31.27
39.28	31.77	3.38	35	28.13	31.86
39.3	31.81	3.38	35	28.13	31.89
39.32	31.83	3.38	35	28.13	31.88
39.34	31.85	3.38	35	28.13	31.9
39.36	31.86	3.38	35	28.13	31.9
39.38	32.06	3.38	35	28.13	32.52
39.4	32.01	3.38	35	28.13	31.89
39.42	32.17	3.38	35	28.13	32.53
39.44	32.27	3.38	35	28.13	32.52
39.46	32.16	3.38	35	28.13	31.9
39.48	32.08	3.38	35	28.13	31.89
39.5	32.02	3.38	35	28.13	31.89
39.52	32.15	3.38	35	28.13	32.46
39.54	32.09	3.38	35	28.13	31.95
39.56	32.15	3.38	35	28.13	32.29
39.58	32.14	3.38	35	28.13	32.12
39.6	32.07	3.38	35	28.13	31.9
39.62	32.21	3.38	35	28.13	32.53
39.64	32.3	3.38	35	28.13	32.51
39.66	32.36	3.38	35	28.13	32.5
39.68	32.35	3.38	35	28.13	32.33
39.7	32.28	3.38	35	28.13	32.12
39.72	32.35	3.38	35	28.13	32.52
39.74	32.6	3.38	35	28.13	33.16
39.76	32.56	3.38	35	28.13	32.48
39.78	32.66	3.38	35	28.13	32.88
39.8	32.52	3.38	35	28.13	32.21
39.82	32.52	3.38	35	28.13	32.52
39.84	32.33	3.38	35	28.13	31.89
39.86	32.39	3.38	35	28.13	32.54
39.88	32.32	3.38	35	28.13	32.16
39.9	32.49	3.38	35	28.13	32.89
39.92	32.3	3.38	35	28.13	31.84
39.94	32.37	3.38	35	28.13	32.54
39.96	32.41	3.38	35	28.13	32.52
39.98	32.44	3.38	35	28.13	32.49
40.0	32.49	1.99	30	16.56	32.62
40.02	32.55	1.99	30	16.56	32.7
40.04	31.9	1.99	30	16.56	30.38
40.06	30.98	1.99	30	16.56	28.84
40.08	30.52	1.99	30	16.56	29.43
40.1	29.8	1.99	30	16.56	28.11
40.12	29.29	1.99	30	16.56	28.12
40.14	28.73	1.99	30	16.56	27.43
40.16	28.37	1.99	30	16.56	27.51
40.18	28.24	1.99	30	16.56	27.93
40.2	28.1	1.99	30	16.56	27.8
40.22	27.9	1.99	30	16.56	27.44
40.24	27.94	1.99	30	16.56	28.04
40.26	27.98	1.99	30	16.56	28.07
40.28	27.82	1.99	30	16.56	27.43
40.3	27.88	1.99	30	16.56	28.04
40.32	27.92	1.99	30	16.56	28.02
40.34	27.9	1.99	30	16.56	27.86
40.36	27.82	1.99	30	16.56	27.63
40.38	27.72	1.99	30	16.56	27.47
40.4	27.82	1.99	30	16.56	28.07
40.42	27.91	1.99	30	16.56	28.1
40.44	27.92	1.99	30	16.56	27.97
40.46	27.99	1.99	30	16.56	28.15
40.48	28.01	1.99	30	16.56	28.04
40.5	28.02	1.99	30	16.56	28.03
40.52	28.04	1.99	30	16.56	28.09
40.54	28.02	1.99	30	16.56	27.98
40.56	28.05	1.99	30	16.56	28.13
40.58	28.05	1.99	30	16.56	28.06
40.6	28.05	1.99	30	16.56	28.05
40.62	28.06	1.99	30	16.56	28.07
40.64	28.25	1.99	30	16.56	28.7
40.66	28.37	1.99	30	16.56	28.65
40.68	28.48	1.99	30	16.56	28.73
40.7	28.54	1.99	30	16.56	28.67
40.72	28.6	1.99	30	16.56	28.73
40.74	28.62	1.99	30	16.56	28.68
40.76	28.64	1.99	30	16.56	28.67
40.78	28.67	1.99	30	16.56	28.74
40.8	28.58	1.99	30	16.56	28.37
40.82	28.43	1.99	30	16.56	28.07
40.84	28.52	1.99	30	16.56	28.73
40.86	28.38	1.99	30	16.56	28.07
40.88	28.48	1.99	30	16.56	28.7
40.9	28.44	1.99	30	16.56	28.35
40.92	28.32	1.99	30	16.56	28.04
40.94	28.44	1.99	30	16.56	28.71
40.96	28.14	1.99	30	16.56	27.44
40.98	28.12	1.99	30	16.56	28.08
41.0	28.29	1.99	30	16.56	28.69
41.02	28.12	1.99	30	16.56	27.72
41.04	27.94	1.99	30	16.56	27.51
41.06	27.9	1.99	30	16.56	27.8
41.08	27.95	1.99	30	16.56	28.09
41.1	27.83	1.99	30	16.56	27.55
41.12	27.72	1.99	30	16.56	27.47
41.14	27.63	1.99	30	16.56	27.42
41.16	27.38	1.99	30	16.56	26.8
41.18	27.39	1.99	30	16.56	27.41
41.2	27.3	1.99	30	16.56	27.08
41.22	27.16	1.99	30	16.56	26.84
41.24	27.23	1.99	30	16.56	27.4
41.26	27.09	1.99	30	16.56	26.75
41.28	27.0	1.99	30	16.56	26.8
41.3	26.94	1.99	30	16.56	26.8
41.32	26.87	1.99	30	16.56	26.72
41.34	26.87	1.99	30	16.56	26.85
41.36	26.84	1.99	30	16.56	26.77
41.38	26.83	1.99	30	16.56	26.81
41.4	26.62	1.99	30	16.56	26.12
41.42	26.48	1.99	30	16.56	26.17
41.44	26.57	1.99	30	16.56	26.77
41.46	26.64	1.99	30	16.56	26.82
41.48	26.68	1.99	30	16.56	26.77
41.5	26.72	1.99	30	16.56	26.81
41.52	26.55	1.99	30	16.56	26.15
41.54	26.43	1.99	30	16.56	26.15
41.56	26.52	1.99	30	16.56	26.74
41.58	26.43	1.99	30	16.56	26.21
41.6	26.52	1.99	30	16.56	26.75
41.62	26.42	1.99	30	16.56	26.17
41.64	26.53	1.99	30	16.56	26.79
41.66	26.6	1.99	30	16.56	26.77
41.68	26.47	1.99	30	16.56	26.15
41.7	26.37	1.99	30	16.56	26.15
41.72	26.5	1.99	30	16.56	26.78
41.74	26.58	1.99	30	16.56	26.79
41.76	26.64	1.99	30	16.56	26.76
41.78	26.7	1.99	30	16.56	26.83
41.8	26.71	1.99	30	16.56	26.73
41.82	26.73	1.99	30	16.56	26.78
41.84	26.94	1.99	30	16.56	27.44
41.86	26.9	1.99	30	16.56	26.8
41.88	27.05	1.99	30	16.56	27.41
41.9	27.16	1.99	30	16.56	27.39
41.92	27.23	1.99	30	16.56	27.39
41.94	27.25	1.99	30	16.56	27.3
41.96	27.51	1.99	30	16.56	28.12
41.98	27.53	1.99	30	16.56	27.57
42.0	27.68	1.99	30	16.56	28.05
42.02	27.71	1.99	30	16.56	27.78
42.04	27.72	1.99	30	16.56	27.74
42.06	27.82	1.99	30	16.56	28.05
42.08	27.75	1.99	30	16.56	27.59
42.1	27.78	1.99	30	16.56	27.84
42.12	27.88	1.99	30	16.56	28.12
42.14	27.94	1.99	30	16.56	28.08
42.16	27.97	1.99	30	16.56	28.04
42.18	28.0	1.99	30	16.56	28.07
42.2	28.21	1.99	30	16.56	28.7
42.22	28.17	1.99	30	16.56	28.07
42.24	28.33	1.99	30	16.56	28.71
42.26	28.25	1.99	30	16.56	28.05
42.28	28.39	1.99	30	16.56	28.71
42.3	28.28	1.99	30	16.56	28.03
42.32	28.4	1.99	30	16.56	28.67
42.34	28.31	1.99	30	16.56	28.09
42.36	28.24	1.99	30	16.56	28.07
42.38	28.18	1.99	30	16.56	28.06
42.4	27.96	1.99	30	16.56	27.43
42.42	27.99	1.99	30	16.56	28.07
42.44	27.82	1.99	30	16.56	27.42
42.46	27.89	1.99	30	16.56	28.06
42.48	27.75	1.99	30	16.56	27.43
42.5	27.65	1.99	30	16.56	27.41
42.52	27.58	1.99	30	16.56	27.43
42.54	27.73	1.99	30	16.56	28.07
42.56	27.63	1.99	30	16.56	27.41
42.58	27.75	1.99	30	16.56	28.02
42.6	27.67	1.99	30	16.56	27.47
42.62	27.6	1.99	30	16.56	27.43
42.64	27.73	1.99	30	16.56	28.06
42.66	27.64	1.99	30	16.56	27.42
42.68	27.57	1.99	30	16.56	27.42
42.7	27.72	1.99	30	16.56	28.05
42.72	27.83	1.99	30	16.56	28.08
42.74	27.7	1.99	30	16.56	27.42
42.76	27.8	1.99	30	16.56	28.04
42.78	27.89	1.99	30	16.56	28.08
42.8	27.93	1.99	30	16.56	28.04
42.82	27.97	1.99	30	16.56	28.05
42.84	27.81	1.99	30	16.56	27.44
42.86	27.89	1.99	30	16.56	28.07
42.88	27.94	1.99	30	16.56	28.06
42.9	27.98	1.99	30	16.56	28.06
42.92	27.98	1.99	30	16.56	28.0
42.94	27.83	1.99	30	16.56	27.47
42.96	27.9	1.99	30	16.56	28.07
42.98	27.94	1.99	30	16.56	28.02
43.0	27.79	1.99	30	16.56	27.43
43.02	27.79	1.99	30	16.56	27.79
43.04	27.64	1.99	30	16.56	27.3
43.06	27.74	1.99	30	16.56	27.97
43.08	27.63	1.99	30	16.56	27.38
43.1	27.54	1.99	30	16.56	27.31
43.12	27.52	1.99	30	16.56	27.48
43.14	27.48	1.99	30	16.56	27.38
43.16	27.28	1.99	30	16.56	26.83
43.18	27.32	1.99	30	16.56	27.41
43.2	27.35	1.99	30	16.56	27.43
43.22	27.19	1.99	30	16.56	26.8
43.24	27.26	1.99	30	16.56	27.42
43.26	27.49	1.99	30	16.56	28.05
43.28	27.47	1.99	30	16.56	27.41
43.3	27.46	1.99	30	16.56	27.44
43.32	27.44	1.99	30	16.56	27.38
43.34	27.25	1.99	30	16.56	26.83
43.36	27.3	1.99	30	16.56	27.41
43.38	27.33	1.99	30	16.56	27.41
43.4	27.37	1.99	30	16.56	27.44
43.42	27.2	1.99	30	16.56	26.81
43.44	27.26	1.99	30	16.56	27.41
43.46	27.3	1.99	30	16.56	27.4
43.48	27.15	1.99	30	16.56	26.8
43.5	27.23	1.99	30	16.56	27.42
43.52	27.1	1.99	30	16.56	26.79
43.54	27.01	1.99	30	16.56	26.79
43.56	26.94	1.99	30	16.56	26.79
43.58	26.89	1.99	30	16.56	26.78
43.6	26.8	1.99	30	16.56	26.59
43.62	26.86	1.99	30	16.56	26.99
43.64	27.02	1.99	30	16.56	27.39
43.66	26.95	1.99	30	16.56	26.79
43.68	26.9	1.99	30	16.56	26.8
43.7	26.86	1.99	30	16.56	26.77
43.72	26.85	1.99	30	16.56	26.8
43.74	26.64	1.99	30	16.56	26.15
43.76	26.68	1.99	30	16.56	26.77
43.78	26.71	1.99	30	16.56	26.79
43.8	26.73	1.99	30	16.56	26.78
43.82	26.74	1.99	30	16.56	26.76
43.84	26.77	1.99	30	16.56	26.83
43.86	26.77	1.99	30	16.56	26.77
43.88	26.78	1.99	30	16.56	26.8
43.9	26.78	1.99	30	16.56	26.77
43.92	26.76	1.99	30	16.56	26.72
43.94	26.8	1.99	30	16.56	26.91
43.96	26.97	1.99	30	16.56	27.36
43.98	26.86	1.99	30	16.56	26.59
44.0	26.69	1.99	30	16.56	26.31
44.02	26.8	1.99	30	16.56	27.06
44.04	26.65	1.99	30	16.56	26.29
44.06	26.78	1.99	30	16.56	27.08
44.08	26.98	1.99	30	16.56	27.45
44.1	27.07	1.99	30	16.56	27.27
44.12	27.1	1.99	30	16.56	27.18
44.14	27.19	1.99	30	16.56	27.39
44.16	27.27	1.99	30	16.56	27.45
44.18	27.31	1.99	30	16.56	27.42
44.2	27.34	1.99	30	16.56	27.39
44.22	27.28	1.99	30	16.56	27.14
44.24	27.52	1.99	30	16.56	28.08
44.26	27.48	1.99	30	16.56	27.4
44.28	27.47	1.99	30	16.56	27.45
44.3	27.46	1.99	30	16.56	27.43
44.32	27.43	1.99	30	16.56	27.37
44.34	27.44	1.99	30	16.56	27.47
44.36	27.61	1.99	30	16.56	28.01
44.38	27.57	1.99	30	16.56	27.48
44.4	27.52	1.99	30	16.56	27.41
44.42	27.68	1.99	30	16.56	28.04
44.44	27.61	1.99	30	16.56	27.46
44.46	27.56	1.99	30	16.56	27.42
44.48	27.51	1.99	30	16.56	27.42
44.5	27.68	1.99	30	16.56	28.08
44.52	27.98	1.99	30	16.56	28.68
44.54	28.01	1.99	30	16.56	28.07
44.56	28.03	1.99	30	16.56	28.07
44.58	28.23	1.99	30	16.56	28.69
44.6	28.18	1.99	30	16.56	28.08
44.62	28.31	1.99	30	16.56	28.6
44.64	28.26	1.99	30	16.56	28.14
44.66	28.37	1.99	30	16.56	28.64
44.68	28.3	1.99	30	16.56	28.11
44.7	28.42	1.99	30	16.56	28.71
44.72	28.3	1.99	30	16.56	28.01
44.74	28.43	1.99	30	16.56	28.74
44.76	28.5	1.99	30	16.56	28.66
44.78	28.57	1.99	30	16.56	28.73
44.8	28.61	1.99	30	16.56	28.7
44.82	28.62	1.99	30	16.56	28.66
44.84	28.66	1.99	30	16.56	28.74
44.86	28.66	1.99	30	16.56	28.67
44.88	28.68	1.99	30	16.56	28.72
44.9	28.49	1.99	30	16.56	28.05
44.92	28.54	1.99	30	16.56	28.65
44.94	28.6	1.99	30	16.56	28.75
44.96	28.62	1.99	30	16.56	28.67
44.98	28.65	1.99	30	16.56	28.73
45.0	28.48	0.6	25	5.0	28.08
45.02	28.22	0.6	25	5.0	27.63
45.04	27.71	0.6	25	5.0	26.53
45.06	27.02	0.6	25	5.0	25.4
45.08	26.6	0.6	25	5.0	25.63
45.1	25.9	0.6	25	5.0	24.26
45.12	25.06	0.6	25	5.0	23.1
45.14	24.66	0.6	25	5.0	23.71
45.16	24.16	0.6	25	5.0	23.01
45.18	23.6	0.6	25	5.0	22.3
45.2	23.41	0.6	25	5.0	22.96
45.22	23.19	0.6	25	5.0	22.68
45.24	23.13	0.6	25	5.0	22.98
45.26	22.89	0.6	25	5.0	22.33
45.28	22.91	0.6	25	5.0	22.96
45.3	22.92	0.6	25	5.0	22.96
45.32	22.72	0.6	25	5.0	22.25
45.34	22.61	0.6	25	5.0	22.36
45.36	22.53	0.6	25	5.0	22.34
45.38	22.47	0.6	25	5.0	22.32
45.4	22.42	0.6	25	5.0	22.3
45.42	22.39	0.6	25	5.0	22.34
45.44	22.38	0.6	25	5.0	22.33
45.46	22.32	0.6	25	5.0	22.18
45.48	22.34	0.6	25	5.0	22.39
45.5	22.34	0.6	25	5.0	22.33
45.52	22.15	0.6	25	5.0	21.72
45.54	22.21	0.6	25	5.0	22.34
45.56	22.04	0.6	25	5.0	21.66
45.58	21.92	0.6	25	5.0	21.63
45.6	22.06	0.6	25	5.0	22.38
45.62	21.94	0.6	25	5.0	21.66
45.64	21.86	0.6	25	5.0	21.67
45.66	21.81	0.6	25	5.0	21.7
45.68	21.79	0.6	25	5.0	21.76
45.7	21.93	0.6	25	5.0	22.26
45.72	21.85	0.6	25	5.0	21.65
45.74	22.01	0.6	25	5.0	22.38
45.76	21.89	0.6	25	5.0	21.63
45.78	21.66	0.6	25	5.0	21.12
45.8	21.87	0.6	25	5.0	22.35
45.82	21.8	0.6	25	5.0	21.64
45.84	21.96	0.6	25	5.0	22.34
45.86	22.06	0.6	25	5.0	22.3
45.88	22.15	0.6	25	5.0	22.36
45.9	22.2	0.6	25	5.0	22.31
45.92	22.21	0.6	25	5.0	22.24
45.94	22.05	0.6	25	5.0	21.68
45.96	22.14	0.6	25	5.0	22.35
45.98	22.2	0.6	25	5.0	22.35
46.0	22.05	0.6	25	5.0	21.69
46.02	22.22	0.6	25	5.0	22.62
46.04	22.0	0.6	25	5.0	21.48
46.06	22.01	0.6	25	5.0	22.04
46.08	22.12	0.6	25	5.0	22.37
46.1	22.21	0.6	25	5.0	22.43
46.12	22.13	0.6	25	5.0	21.95
46.14	21.99	0.6	25	5.0	21.65
46.16	22.09	0.6	25	5.0	22.33
46.18	21.97	0.6	25	5.0	21.7
46.2	22.07	0.6	25	5.0	22.3
46.22	22.08	0.6	25	5.0	22.11
46.24	22.16	0.6	25	5.0	22.32
46.26	22.2	0.6	25	5.0	22.3
46.28	22.05	0.6	25	5.0	21.72
46.3	22.12	0.6	25	5.0	22.29
46.32	21.98	0.6	25	5.0	21.66
46.34	21.89	0.6	25	5.0	21.66
46.36	21.84	0.6	25	5.0	21.73
46.38	21.79	0.6	25	5.0	21.68
46.4	21.74	0.6	25	5.0	21.63
46.42	21.73	0.6	25	5.0	21.71
46.44	21.73	0.6	25	5.0	21.72
46.46	21.71	0.6	25	5.0	21.68
46.48	21.7	0.6	25	5.0	21.68
46.5	21.7	0.6	25	5.0	21.7
46.52	21.69	0.6	25	5.0	21.67
46.54	21.88	0.6	25	5.0	22.32
46.56	21.83	0.6	25	5.0	21.7
46.58	21.78	0.6	25	5.0	21.69
46.6	21.74	0.6	25	5.0	21.65
46.62	21.73	0.6	25	5.0	21.71
46.64	21.72	0.6	25	5.0	21.7
46.66	21.9	0.6	25	5.0	22.31
46.68	22.03	0.6	25	5.0	22.35
46.7	21.93	0.6	25	5.0	21.7
46.72	22.05	0.6	25	5.0	22.33
46.74	22.12	0.6	25	5.0	22.28
46.76	22.0	0.6	25	5.0	21.71
46.78	22.09	0.6	25	5.0	22.3
46.8	22.16	0.6	25	5.0	22.34
46.82	22.01	0.6	25	5.0	21.66
46.84	22.1	0.6	25	5.0	22.32
46.86	21.99	0.6	25	5.0	21.71
46.88	22.08	0.6	25	5.0	22.29
46.9	22.14	0.6	25	5.0	22.28
46.92	22.19	0.6	25	5.0	22.32
46.94	22.24	0.6	25	5.0	22.37
46.96	22.24	0.6	25	5.0	22.24
46.98	22.11	0.6	25	5.0	21.78
47.0	21.98	0.6	25	5.0	21.67
47.02	22.21	0.6	25	5.0	22.74
47.04	22.07	0.6	25	5.0	21.74
47.06	21.94	0.6	25	5.0	21.65
47.08	22.05	0.6	25	5.0	22.31
47.1	22.14	0.6	25	5.0	22.35
47.12	22.27	0.6	25	5.0	22.57
47.14	22.33	0.6	25	5.0	22.45
47.16	22.49	0.6	25	5.0	22.88
47.18	22.46	0.6	25	5.0	22.4
47.2	22.62	0.6	25	5.0	22.97
47.22	22.49	0.6	25	5.0	22.18
47.24	22.58	0.6	25	5.0	22.8
47.26	22.7	0.6	25	5.0	22.98
47.28	22.77	0.6	25	5.0	22.93
47.3	22.84	0.6	25	5.0	23.01
47.32	22.85	0.6	25	5.0	22.88
47.34	22.71	0.6	25	5.0	22.39
47.36	22.78	0.6	25	5.0	22.95
47.38	22.64	0.6	25	5.0	22.31
47.4	22.72	0.6	25	5.0	22.91
47.42	22.98	0.6	25	5.0	23.59
47.44	22.99	0.6	25	5.0	23.02
47.46	22.99	0.6	25	5.0	22.97
47.48	22.96	0.6	25	5.0	22.88
47.5	22.98	0.6	25	5.0	23.02
47.52	22.97	0.6	25	5.0	22.97
47.54	22.97	0.6	25	5.0	22.97
47.56	22.97	0.6	25	5.0	22.97
47.58	22.97	0.6	25	5.0	22.96
47.6	22.77	0.6	25	5.0	22.32
47.62	22.83	0.6	25	5.0	22.96
47.64	22.84	0.6	25	5.0	22.88
47.66	22.72	0.6	25	5.0	22.44
47.68	22.58	0.6	25	5.0	22.25
47.7	22.51	0.6	25	5.0	22.35
47.72	22.65	0.6	25	5.0	22.98
47.74	22.55	0.6	25	5.0	22.3
47.76	22.47	0.6	25	5.0	22.31
47.78	22.44	0.6	25	5.0	22.34
47.8	22.58	0.6	25	5.0	22.92
47.82	22.49	0.6	25	5.0	22.28
47.84	22.46	0.6	25	5.0	22.4
47.86	22.61	0.6	25	5.0	22.96
47.88	22.51	0.6	25	5.0	22.26
47.9	22.45	0.6	25	5.0	22.32
47.92	22.6	0.6	25	5.0	22.93
47.94	22.54	0.6	25	5.0	22.39
47.96	22.47	0.6	25	5.0	22.33
47.98	22.24	0.6	25	5.0	21.68
48.0	22.27	0.6	25	5.0	22.34
48.02	22.39	0.6	25	5.0	22.68
48.04	22.14	0.6	25	5.0	21.57
48.06	22.07	0.6	25	5.0	21.89
48.08	22.14	0.6	25	5.0	22.3
48.1	22.05	0.6	25	5.0	21.85
48.12	21.91	0.6	25	5.0	21.59
48.14	21.95	0.6	25	5.0	22.03
48.16	21.88	0.6	25	5.0	21.72
48.18	21.79	0.6	25	5.0	21.59
48.2	21.79	0.6	25	5.0	21.77
48.22	21.92	0.6	25	5.0	22.24
48.24	21.8	0.6	25	5.0	21.52
48.26	21.74	0.6	25	5.0	21.6
48.28	21.74	0.6	25	5.0	21.75
48.3	21.72	0.6	25	5.0	21.68
48.32	21.71	0.6	25	5.0	21.66
48.34	21.52	0.6	25	5.0	21.07
48.36	21.57	0.6	25	5.0	21.69
48.38	21.6	0.6	25	5.0	21.67
48.4	21.63	0.6	25	5.0	21.72
48.42	21.84	0.6	25	5.0	22.33
48.44	21.99	0.6	25	5.0	22.33
48.46	22.08	0.6	25	5.0	22.29
48.48	21.97	0.6	25	5.0	21.71
48.5	22.07	0.6	25	5.0	22.29
48.52	22.15	0.6	25	5.0	22.33
48.54	22.19	0.6	25	5.0	22.3
48.56	22.05	0.6	25	5.0	21.71
48.58	22.31	0.6	25	5.0	22.93
48.6	22.13	0.6	25	5.0	21.69
48.62	22.18	0.6	25	5.0	22.31
48.64	22.21	0.6	25	5.0	22.26
48.66	22.26	0.6	25	5.0	22.39
48.68	22.09	0.6	25	5.0	21.68
48.7	22.15	0.6	25	5.0	22.29
48.72	22.02	0.6	25	5.0	21.72
48.74	22.11	0.6	25	5.0	22.33
48.76	21.97	0.6	25	5.0	21.63
48.78	22.09	0.6	25	5.0	22.39
48.8	22.16	0.6	25	5.0	22.31
48.82	22.2	0.6	25	5.0	22.3
48.84	22.06	0.6	25	5.0	21.72
48.86	21.94	0.6	25	5.0	21.69
48.88	22.06	0.6	25	5.0	22.34
48.9	21.94	0.6	25	5.0	21.66
48.92	21.85	0.6	25	5.0	21.63
48.94	21.78	0.6	25	5.0	21.62
48.96	21.59	0.6	25	5.0	21.15
48.98	21.62	0.6	25	5.0	21.68
49.0	21.63	0.6	25	5.0	21.68
49.02	21.56	0.6	25	5.0	21.39
49.04	21.54	0.6	25	5.0	21.5
49.06	21.47	0.6	25	5.0	21.31
49.08	21.73	0.6	25	5.0	22.35
49.1	21.58	0.6	25	5.0	21.23
49.12	21.62	0.6	25	5.0	21.7
49.14	21.64	0.6	25	5.0	21.69
49.16	21.65	0.6	25	5.0	21.68
49.18	21.66	0.6	25	5.0	21.66
49.2	21.66	0.6	25	5.0	21.66
49.22	21.67	0.6	25	5.0	21.71
49.24	21.68	0.6	25	5.0	21.71
49.26	21.88	0.6	25	5.0	22.33
49.28	21.82	0.6	25	5.0	21.69
49.3	21.97	0.6	25	5.0	22.31
49.32	22.06	0.6	25	5.0	22.27
49.34	21.96	0.6	25	5.0	21.73
49.36	22.07	0.6	25	5.0	22.34
49.38	21.96	0.6	25	5.0	21.68
49.4	22.06	0.6	25	5.0	22.32
49.42	21.95	0.6	25	5.0	21.67
49.44	22.06	0.6	25	5.0	22.31
49.46	22.15	0.6	25	5.0	22.36
49.48	22.19	0.6	25	5.0	22.3
49.5	22.23	0.6	25	5.0	22.33
49.52	22.25	0.6	25	5.0	22.29
49.54	22.1	0.6	25	5.0	21.76
49.56	22.34	0.6	25	5.0	22.89
49.58	22.35	0.6	25	5.0	22.37
49.6	22.33	0.6	25	5.0	22.3
49.62	22.34	0.6	25	5.0	22.35
49.64	22.33	0.6	25	5.0	22.3
49.66	22.51	0.6	25	5.0	22.95
49.68	22.46	0.6	25	5.0	22.34
49.7	22.23	0.6	25	5.0	21.69
49.72	22.42	0.6	25	5.0	22.86
49.74	22.41	0.6	25	5.0	22.39
49.76	22.39	0.6	25	5.0	22.33
49.78	22.56	0.6	25	5.0	22.96
49.8	22.68	0.6	25	5.0	22.97
49.82	22.75	0.6	25	5.0	22.91
49.84	22.79	0.6	25	5.0	22.88
49.86	22.87	0.6	25	5.0	23.06
49.88	22.89	0.6	25	5.0	22.95
49.9	22.91	0.6	25	5.0	22.96
49.92	22.91	0.6	25	5.0	22.91
49.94	22.74	0.6	25	5.0	22.35
49.96	22.82	0.6	25	5.0	22.98
49.98	22.8	0.6	25	5.0	22.77
50.0	22.9	7.54	50	62.83	23.14
50.02	24.57	7.54	50	62.83	28.46
