time	rpm	tmp	TMP	PWM	
0.0	0	102.57	32.76	25	0
0.1	0	107.07	40.19	25	0
0.2	0	99.7	46.14	25	0
0.3	0	110.87	52.61	25	0
0.4	0	114.53	58.8	25	0
0.5	0	103.3	63.25	25	0
0.6	0	96.09	66.54	25	0
0.7	0	108.31	70.71	25	0
0.8	0	101.7	73.81	25	0
0.9	0	110.22	77.45	25	0
1.0	0	92.46	78.95	25	0
1.1	0	97.74	80.83	25	0
1.2	0	106.45	83.39	25	0
1.3	0	101.7	85.22	25	0
1.4	0	101.7	86.87	25	0
1.5	0	99.98	88.18	25	0
1.6	0	114.19	90.78	25	0
1.7	0	101.55	91.86	25	0
1.8	0	100.41	92.72	25	0
1.9	0	102.86	93.73	25	0
2.0	0	100.26	94.38	25	0
2.1	0	94.6	94.4	25	0
2.2	0	104.04	95.37	25	0
2.3	0	112.34	97.07	25	0
2.4	0	106.3	97.99	25	0
2.5	0	114.53	99.64	25	0
2.6	0	104.19	100.1	25	0
2.7	0	112.84	101.37	25	0
2.8	0	109.26	102.16	25	0
2.9	0	109.1	102.86	25	0
3.0	0	103.89	102.96	25	0
3.1	0	98.99	102.56	25	0
3.2	0	104.64	102.77	25	0
3.3	0	109.26	103.42	25	0
3.4	0	100.55	103.13	25	0
3.5	0	105.24	103.34	25	0
3.6	0	102.72	103.28	25	0
3.7	0	105.24	103.48	25	0
3.8	0	91.93	102.32	25	0
3.9	0	103.74	102.46	25	0
4.0	0	103.3	102.55	25	0
4.1	0	106.61	102.95	25	0
4.2	0	102.42	102.9	25	0
4.3	0	104.79	103.09	25	0
4.4	0	106.45	103.43	25	0
4.5	0	102.86	103.37	25	0
4.6	0	94.46	102.48	25	0
4.7	0	105.39	102.77	25	0
4.8	0	87.91	101.28	25	0
4.9	0	104.19	101.57	25	0
5.0	0	102.13	101.63	25	0
5.1	0	106.91	102.16	25	0
5.2	0	101.41	102.08	25	0
5.3	0	104.49	102.32	25	0
5.4	0	100.55	102.15	25	0
5.5	0	120.26	103.96	25	0
5.6	0	109.42	104.5	25	0
5.7	0	90.62	103.12	25	0
5.8	0	109.9	103.79	25	0
5.9	0	101.84	103.6	25	0
6.0	0	102.42	103.48	25	0
6.1	0	102.86	103.42	25	0
6.2	0	107.84	103.86	25	0
6.3	0	99.7	103.45	25	0
6.4	0	93.39	102.44	25	0
6.5	0	85.36	100.73	25	0
6.6	0	108.31	101.49	25	0
6.7	0	103.01	101.64	25	0
6.8	0	103.45	101.82	25	0
6.9	0	110.87	102.73	25	0
7.0	0	115.05	103.96	25	0
7.1	0	102.42	103.81	25	0
7.2	0	106.76	104.1	25	0
7.3	0	101.84	103.88	25	0
7.4	0	91.93	102.68	25	0
7.5	0	83.85	100.8	25	0
7.6	0	104.04	101.12	25	0
7.7	0	103.89	101.4	25	0
7.8	0	102.72	101.53	25	0
7.9	0	109.42	102.32	25	0
8.0	0	111.52	103.24	25	0
8.1	0	104.64	103.38	25	0
8.2	0	88.04	101.85	25	0
8.3	0	88.29	100.49	25	0
8.4	0	103.89	100.83	25	0
8.5	0	99.41	100.69	25	0
8.6	0	103.01	100.92	25	0
8.7	0	112.51	102.08	25	0
8.8	0	95.27	101.4	25	0
8.9	0	87.01	99.96	25	0
9.0	0	101.55	100.12	25	0
9.1	0	101.27	100.23	25	0
9.2	0	83.85	98.6	25	0
9.3	0	102.42	98.98	25	0
9.4	0	107.53	99.83	25	0
9.5	0	101.12	99.96	25	0
9.6	0	110.06	100.97	25	0
9.7	0	97.32	100.61	25	0
9.8	0	98.29	100.38	25	0
9.9	0	113.51	101.69	25	0
10.0	0	103.01	101.82	25	0
10.1	0	102.28	101.87	25	0
10.2	0	101.12	101.79	25	0
10.3	0	115.05	103.12	25	0
10.4	0	103.01	103.11	25	0
10.5	0	99.41	102.74	25	0
10.6	0	99.98	102.46	25	0
10.7	0	115.4	103.76	25	0
10.8	0	96.63	103.04	25	0
10.9	0	103.3	103.07	25	0
11.0	0	101.84	102.95	25	0
11.1	0	95.95	102.25	25	0
11.2	0	97.32	101.75	25	0
11.3	0	96.77	101.26	25	0
11.4	0	111.35	102.27	25	0
11.5	0	108.63	102.9	25	0
11.6	0	101.99	102.81	25	0
11.7	0	114.19	103.95	25	0
11.8	0	107.22	104.28	25	0
11.9	0	115.22	105.37	25	0
12.0	0	117.87	106.62	25	0
12.1	0	106.45	106.6	25	0
12.2	0	111.68	107.11	25	0
12.3	0	101.12	106.51	25	0
12.4	0	102.57	106.12	25	0
12.5	0	104.19	105.93	25	0
12.6	0	103.45	105.68	25	0
12.7	0	108.94	106.0	25	0
12.8	0	101.41	105.54	25	0
12.9	0	121.01	107.09	25	0
13.0	0	101.27	106.51	25	0
13.1	0	97.46	105.6	25	0
13.2	0	110.54	106.1	25	0
13.3	0	113.01	106.79	25	0
13.4	0	103.74	106.48	25	0
13.5	0	118.6	107.7	25	0
13.6	0	89.33	105.86	25	0
13.7	0	99.98	105.27	25	0
13.8	0	105.39	105.28	25	0
13.9	0	104.34	105.19	25	0
14.0	0	104.49	105.12	25	0
14.1	0	101.84	104.79	25	0
14.2	0	94.06	103.72	25	0
14.3	0	86.76	102.02	25	0
14.4	0	100.98	101.92	25	0
14.5	0	103.01	102.03	25	0
14.6	0	115.05	103.33	25	0
14.7	0	103.89	103.39	25	0
14.8	0	115.57	104.6	25	0
14.9	0	104.19	104.56	25	0
15.0	0	109.58	105.06	25	0
15.1	0	98.85	104.44	25	0
15.2	0	99.84	103.98	25	0
15.3	0	95.95	103.18	25	0
15.4	0	103.45	103.21	25	0
15.5	0	104.64	103.35	25	0
15.6	0	102.72	103.29	25	0
15.7	0	104.79	103.44	25	0
15.8	0	99.13	103.01	25	0
15.9	0	83.6	101.07	25	0
16.0	0	90.36	99.99	25	0
16.1	0	93.26	99.32	25	0
16.2	0	114.7	100.86	25	0
16.3	0	105.09	101.28	25	0
16.4	0	103.16	101.47	25	0
16.5	0	87.4	100.06	25	0
16.6	0	110.7	101.13	25	0
16.7	0	103.45	101.36	25	0
16.8	0	94.33	100.66	25	0
16.9	0	98.85	100.48	25	0
17.0	0	108.16	101.24	25	0
17.1	0	104.34	101.55	25	0
17.2	0	102.42	101.64	25	0
17.3	0	104.19	101.9	25	0
17.4	0	130.45	104.75	25	0
17.5	0	105.84	104.86	25	0
17.6	0	103.89	104.76	25	0
17.7	0	107.84	105.07	25	0
17.8	0	109.26	105.49	25	0
17.9	0	101.55	105.1	25	0
18.0	0	98.15	104.4	25	0
18.1	0	98.43	103.81	25	0
18.2	0	114.02	104.83	25	0
18.3	0	102.13	104.56	25	0
18.4	0	114.02	105.5	25	0
18.5	0	104.49	105.4	25	0
18.6	0	101.84	105.05	25	0
18.7	0	101.84	104.73	25	0
18.8	0	103.74	104.63	25	0
18.9	0	105.69	104.73	25	0
19.0	0	111.85	105.45	25	0
19.1	0	100.12	104.91	25	0
19.2	0	103.74	104.8	25	0
19.3	0	106.15	104.93	25	0
19.4	0	96.77	104.12	25	0
19.5	0	88.42	102.55	25	0
19.6	0	91.28	101.42	25	0
19.7	0	105.24	101.8	25	0
19.8	0	103.3	101.95	25	0
19.9	0	112.68	103.02	25	0
20.0	0	103.16	103.04	25	0
20.1	0	98.43	102.58	25	0
20.2	0	103.74	102.69	25	0
20.3	0	104.19	102.84	25	0
20.4	0	98.43	102.4	25	0
20.5	0	100.69	102.23	25	0
20.6	0	116.27	103.63	25	0
20.7	0	102.28	103.5	25	0
20.8	0	101.55	103.3	25	0
20.9	0	89.71	101.95	25	0
21.0	0	104.49	102.2	25	0
21.1	0	102.28	102.21	25	0
21.2	0	105.24	102.51	25	0
21.3	0	104.04	102.66	25	0
21.4	0	110.87	103.48	25	0
21.5	0	94.6	102.6	25	0
21.6	0	98.85	102.22	25	0
21.7	0	98.99	101.9	25	0
21.8	0	93.12	101.02	25	0
21.9	0	104.49	101.37	25	0
22.0	0	101.84	101.41	25	0
22.1	0	102.28	101.5	25	0
22.2	0	90.36	100.39	25	0
22.3	0	103.74	100.72	25	0
22.4	0	100.84	100.73	25	0
22.5	0	105.54	101.21	25	0
22.6	0	104.19	101.51	25	0
22.7	0	106.76	102.04	25	0
22.8	0	101.7	102.0	25	0
22.9	0	113.01	103.1	25	0
23.0	0	93.53	102.15	25	0
23.1	0	109.74	102.91	25	0
23.2	0	103.89	103.0	25	0
23.3	0	100.69	102.77	25	0
23.4	0	96.5	102.15	25	0
23.5	0	120.45	103.98	25	0
23.6	0	118.6	105.44	25	0
23.7	0	102.86	105.18	25	0
23.8	0	103.3	104.99	25	0
23.9	0	92.99	103.79	25	0
24.0	0	112.68	104.68	25	0
24.1	0	101.7	104.38	25	0
24.2	0	103.6	104.3	25	0
24.3	0	85.49	102.42	25	0
24.4	0	105.54	102.73	25	0
24.5	0	114.88	103.95	25	0
24.6	0	99.98	103.55	25	0
24.7	0	102.42	103.44	25	0
24.8	0	110.06	104.1	25	0
24.9	0	100.55	103.75	25	0
25.0	0	93.39	102.71	25	0
25.1	0	103.45	102.78	25	0
25.2	0	103.74	102.88	25	0
25.3	0	91.28	101.72	25	0
25.4	0	96.63	101.21	25	0
25.5	0	101.27	101.22	25	0
25.6	0	84.98	99.59	25	0
25.7	0	83.85	98.02	25	0
25.8	0	100.69	98.29	25	0
25.9	0	104.19	98.88	25	0
26.0	0	102.13	99.2	25	0
26.1	0	105.09	99.79	25	0
26.2	0	89.58	98.77	25	0
26.3	0	111.68	100.06	25	0
26.4	0	100.84	100.14	25	0
26.5	0	101.7	100.29	25	0
26.6	0	102.28	100.49	25	0
26.7	0	110.54	101.5	25	0
26.8	0	103.74	101.72	25	0
26.9	0	94.19	100.97	25	0
27.0	0	103.6	101.23	25	0
27.1	0	103.01	101.41	25	0
27.2	0	107.69	102.04	25	0
27.3	0	105.09	102.34	25	0
27.4	0	102.72	102.38	25	0
27.5	0	101.84	102.33	25	0
27.6	0	104.79	102.57	25	0
27.7	0	107.69	103.08	25	0
27.8	0	103.3	103.11	25	0
27.9	0	103.6	103.16	25	0
28.0	0	104.64	103.3	25	0
28.1	0	88.68	101.84	25	0
28.2	0	100.12	101.67	25	0
28.3	0	99.98	101.5	25	0
28.4	0	105.39	101.89	25	0
28.5	0	89.84	100.68	25	0
28.6	0	89.71	99.59	25	0
28.7	0	113.85	101.01	25	0
28.8	0	83.98	99.31	25	0
28.9	0	105.39	99.92	25	0
29.0	0	114.88	101.41	25	0
29.1	0	95.41	100.81	25	0
29.2	0	99.27	100.66	25	0
29.3	0	101.27	100.72	25	0
29.4	0	96.91	100.34	25	0
29.5	0	110.87	101.39	25	0
29.6	0	109.74	102.23	25	0
29.7	0	105.09	102.51	25	0
29.8	0	101.41	102.4	25	0
29.9	0	99.7	102.13	25	0
30.0	0	101.7	102.09	25	0
30.1	0	105.24	102.4	25	0
30.2	0	103.6	102.52	25	0
30.3	0	112.34	103.5	25	0
30.4	0	104.94	103.65	25	0
30.5	0	106.3	103.91	25	0
30.6	0	105.54	104.08	25	0
30.7	0	112.18	104.89	25	0
30.8	0	98.85	104.28	25	0
30.9	0	101.41	104.0	25	0
31.0	0	93.26	102.92	25	0
31.1	0	103.45	102.97	25	0
31.2	0	98.29	102.51	25	0
31.3	0	100.41	102.3	25	0
31.4	0	106.45	102.71	25	0
31.5	0	109.74	103.41	25	0
31.6	0	106.91	103.76	25	0
31.7	0	100.84	103.47	25	0
31.8	0	101.84	103.31	25	0
31.9	0	100.55	103.03	25	0
32.0	0	105.09	103.24	25	0
32.1	0	104.34	103.35	25	0
32.2	0	106.15	103.63	25	0
32.3	0	97.88	103.05	25	0
32.4	0	101.12	102.86	25	0
32.5	0	97.6	102.33	25	0
32.6	0	97.88	101.89	25	0
32.7	0	102.13	101.91	25	0
32.8	0	86.63	100.38	25	0
32.9	0	100.41	100.39	25	0
33.0	0	99.98	100.35	25	0
33.1	0	111.85	101.5	25	0
33.2	0	99.55	101.3	25	0
33.3	0	85.62	99.73	25	0
33.4	0	101.84	99.94	25	0
33.5	0	108.47	100.8	25	0
33.6	0	102.86	101.0	25	0
33.7	0	114.19	102.32	25	0
33.8	0	101.55	102.25	25	0
33.9	0	102.86	102.31	25	0
34.0	0	104.79	102.55	25	0
34.1	0	106.0	102.9	25	0
34.2	0	100.41	102.65	25	0
34.3	0	101.27	102.51	25	0
34.4	0	94.73	101.73	25	0
34.5	0	104.64	102.02	25	0
34.6	0	104.94	102.32	25	0
34.7	0	105.54	102.64	25	0
34.8	0	102.72	102.65	25	0
34.9	0	103.45	102.73	25	0
35.0	0	105.54	103.01	25	0
35.1	0	108.31	103.54	25	0
35.2	0	108.47	104.03	25	0
35.3	0	106.61	104.29	25	0
35.4	0	104.04	104.26	25	0
35.5	0	112.84	105.12	25	0
35.6	0	102.13	104.82	25	0
35.7	0	114.19	105.76	25	0
35.8	0	92.86	104.47	25	0
35.9	0	103.74	104.4	25	0
36.0	0	103.45	104.3	25	0
36.1	0	109.1	104.78	25	0
36.2	0	103.45	104.65	25	0
36.3	0	103.6	104.54	25	0
36.4	0	113.01	105.39	25	0
36.5	0	103.74	105.23	25	0
36.6	0	104.49	105.15	25	0
36.7	0	103.45	104.98	25	0
36.8	0	103.74	104.86	25	0
36.9	0	90.49	103.42	25	0
37.0	0	115.4	104.62	25	0
37.1	0	104.34	104.59	25	0
37.2	0	100.12	104.14	25	0
37.3	0	105.09	104.24	25	0
37.4	0	101.55	103.97	25	0
37.5	0	101.27	103.7	25	0
37.6	0	98.29	103.16	25	0
37.7	0	104.04	103.25	25	0
37.8	0	102.86	103.21	25	0
37.9	0	106.0	103.49	25	0
38.0	0	91.8	102.32	25	0
38.1	0	101.12	102.2	25	0
38.2	0	103.74	102.35	25	0
38.3	0	105.24	102.64	25	0
38.4	0	101.27	102.5	25	0
38.5	0	101.55	102.41	25	0
38.6	0	92.2	101.39	25	0
38.7	0	113.01	102.55	25	0
38.8	0	91.93	101.49	25	0
38.9	0	89.84	100.32	25	0
39.0	0	103.6	100.65	25	0
39.1	0	106.61	101.25	25	0
39.2	0	101.84	101.31	25	0
39.3	0	98.15	100.99	25	0
39.4	0	105.09	101.4	25	0
39.5	0	111.85	102.45	25	0
39.6	0	104.04	102.61	25	0
39.7	0	98.71	102.22	25	0
39.8	0	84.86	100.48	25	0
39.9	0	103.16	100.75	25	0
40.0	0	100.69	100.74	25	0
40.1	0	108.78	101.55	25	0
40.2	0	99.55	101.35	25	0
40.3	0	106.91	101.9	25	0
40.4	0	93.93	101.11	25	0
40.5	0	100.26	101.02	25	0
40.6	0	101.7	101.09	25	0
40.7	0	105.09	101.49	25	0
40.8	0	101.55	101.5	25	0
40.9	0	102.13	101.56	25	0
41.0	0	99.27	101.33	25	0
41.1	0	107.53	101.95	25	0
41.2	0	91.28	100.88	25	0
41.3	0	104.49	101.24	25	0
41.4	0	99.98	101.12	25	0
41.5	0	103.89	101.39	25	0
41.6	0	97.74	101.03	25	0
41.7	0	103.6	101.29	25	0
41.8	0	94.46	100.6	25	0
41.9	0	106.0	101.14	25	0
42.0	0	104.34	101.46	25	0
42.1	0	96.09	100.92	25	0
42.2	0	100.55	100.89	25	0
42.3	0	99.55	100.75	25	0
42.4	0	101.41	100.82	25	0
42.5	0	105.39	101.28	25	0
42.6	0	104.79	101.63	25	0
42.7	0	113.18	102.78	25	0
42.8	0	106.0	103.1	25	0
42.9	0	103.16	103.11	25	0
43.0	0	109.74	103.77	25	0
43.1	0	95.82	102.98	25	0
43.2	0	97.74	102.45	25	0
43.3	0	98.15	102.02	25	0
43.4	0	102.28	102.05	25	0
43.5	0	96.36	101.48	25	0
43.6	0	103.45	101.68	25	0
43.7	0	100.41	101.55	25	0
43.8	0	104.64	101.86	25	0
43.9	0	101.41	101.81	25	0
44.0	0	95.82	101.21	25	0
44.1	0	102.13	101.31	25	0
44.2	0	109.9	102.16	25	0
44.3	0	102.86	102.23	25	0
44.4	0	104.04	102.42	25	0
44.5	0	105.09	102.68	25	0
44.6	0	102.86	102.7	25	0
44.7	0	100.26	102.46	25	0
44.8	0	100.69	102.28	25	0
44.9	0	98.29	101.88	25	0
45.0	0	101.99	101.89	25	0
45.1	0	102.42	101.95	25	0
45.2	0	102.42	101.99	25	0
45.3	0	95.68	101.36	25	0
45.4	0	114.19	102.64	25	0
45.5	0	101.55	102.54	25	0
45.6	0	104.49	102.73	25	0
45.7	0	104.64	102.92	25	0
45.8	0	111.52	103.78	25	0
45.9	0	106.61	104.06	25	0
46.0	0	96.36	103.29	25	0
46.1	0	98.43	102.81	25	0
46.2	0	100.84	102.61	25	0
46.3	0	98.43	102.19	25	0
46.4	0	85.74	100.55	25	0
46.5	0	105.39	101.03	25	0
46.6	0	104.79	101.41	25	0
46.7	0	100.98	101.36	25	0
46.8	0	101.7	101.4	25	0
46.9	0	103.16	101.57	25	0
47.0	0	101.27	101.54	25	0
47.1	0	101.84	101.57	25	0
47.2	0	104.64	101.88	25	0
47.3	0	100.98	101.79	25	0
47.4	0	93.39	100.95	25	0
47.5	0	100.98	100.95	25	0
47.6	0	100.69	100.93	25	0
47.7	0	97.88	100.62	25	0
47.8	0	97.6	100.32	25	0
47.9	0	121.78	102.46	25	0
48.0	0	99.41	102.16	25	0
48.1	0	104.49	102.39	25	0
48.2	0	106.15	102.77	25	0
48.3	0	91.28	101.62	25	0
48.4	0	104.04	101.86	25	0
48.5	0	108.47	102.52	25	0
48.6	0	98.02	102.07	25	0
48.7	0	93.79	101.24	25	0
48.8	0	93.79	100.5	25	0
48.9	0	103.01	100.75	25	0
49.0	0	102.42	100.92	25	0
49.1	0	104.79	101.3	25	0
49.2	0	97.74	100.95	25	0
49.3	0	101.27	100.98	25	0
49.4	0	97.74	100.65	25	0
49.5	0	102.86	100.88	25	0
49.6	0	103.6	101.15	25	0
49.7	0	101.55	101.19	25	0
49.8	0	104.34	101.5	25	0
49.9	0	104.34	101.79	25	0
50.0	0	104.64	102.07	25	0
50.1	0	102.86	102.15	25	0
50.2	0	99.98	101.93	25	0
50.3	0	93.53	101.09	25	0
50.4	0	102.42	101.23	25	0
50.5	0	106.45	101.75	25	0
50.6	0	102.72	101.85	25	0
50.7	0	102.42	101.9	25	0
50.8	0	105.54	102.27	25	0
50.9	0	100.26	102.07	25	0
51.0	0	101.84	102.04	25	0
51.1	0	106.91	102.53	25	0
51.2	0	107.22	103.0	25	0
51.3	0	108.47	103.55	25	0
51.4	0	103.3	103.52	25	0
51.5	0	104.64	103.63	25	0
51.6	0	98.29	103.1	25	0
51.7	0	105.84	103.37	25	0
51.8	0	107.07	103.74	25	0
51.9	0	112.34	104.6	25	0
52.0	0	99.98	104.14	25	0
52.1	0	112.68	104.99	25	0
52.2	0	100.41	104.54	25	0
52.3	0	105.39	104.62	25	0
52.4	0	104.64	104.62	25	0
52.5	0	103.89	104.55	25	0
52.6	0	91.8	103.28	25	0
52.7	0	95.68	102.52	25	0
52.8	0	102.57	102.52	25	0
52.9	0	96.77	101.95	25	0
53.0	0	92.99	101.05	25	0
53.1	0	104.34	101.38	25	0
53.2	0	98.71	101.11	25	0
53.3	0	115.05	102.51	25	0
53.4	0	108.31	103.09	25	0
53.5	0	102.72	103.05	25	0
53.6	0	99.7	102.71	25	0
53.7	0	104.64	102.91	25	0
53.8	0	101.7	102.79	25	0
53.9	0	106.45	103.15	25	0
54.0	0	114.19	104.26	25	0
54.1	0	100.98	103.93	25	0
54.2	0	101.7	103.71	25	0
54.3	0	104.19	103.75	25	0
54.4	0	96.77	103.06	25	0
54.5	0	103.74	103.12	25	0
54.6	0	96.36	102.45	25	0
54.7	0	100.55	102.26	25	0
54.8	0	100.12	102.04	25	0
54.9	0	114.19	103.26	25	0
55.0	0	104.49	103.38	25	0
55.1	0	97.88	102.83	25	0
55.2	0	92.46	101.79	25	0
55.3	0	110.87	102.7	25	0
55.4	0	111.19	103.55	25	0
55.5	0	107.69	103.96	25	0
55.6	0	102.42	103.81	25	0
55.7	0	93.53	102.78	25	0
55.8	0	90.75	101.58	25	0
55.9	0	105.54	101.98	25	0
56.0	0	98.99	101.68	25	0
56.1	0	98.99	101.41	25	0
56.2	0	96.5	100.92	25	0
56.3	0	103.01	101.13	25	0
56.4	0	105.54	101.57	25	0
56.5	0	96.5	101.06	25	0
56.6	0	112.34	102.19	25	0
56.7	0	83.6	100.33	25	0
56.8	0	107.07	101.0	25	0
56.9	0	106.0	101.5	25	0
57.0	0	111.03	102.46	25	0
57.1	0	102.28	102.44	25	0
57.2	0	95.41	101.73	25	0
57.3	0	110.22	102.58	25	0
57.4	0	95.95	101.92	25	0
57.5	0	105.39	102.27	25	0
57.6	0	91.54	101.19	25	0
57.7	0	104.79	101.55	25	0
57.8	0	95.68	100.97	25	0
57.9	0	106.3	101.5	25	0
58.0	0	101.7	101.52	25	0
58.1	0	97.74	101.14	25	0
58.2	0	101.12	101.14	25	0
58.3	0	104.49	101.47	25	0
58.4	0	91.67	100.49	25	0
58.5	0	98.57	100.3	25	0
58.6	0	103.3	100.6	25	0
58.7	0	100.98	100.64	25	0
58.8	0	105.84	101.16	25	0
58.9	0	123.93	103.44	25	0
59.0	0	102.86	103.38	25	0
59.1	0	99.98	103.04	25	0
59.2	0	116.44	104.38	25	0
59.3	0	91.28	103.07	25	0
59.4	0	115.4	104.3	25	0
59.5	0	103.74	104.25	25	0
59.6	0	104.94	104.32	25	0
59.7	0	116.27	105.51	25	0
59.8	0	98.15	104.78	25	0
59.9	0	104.19	104.72	25	0
60.0	0	98.29	104.07	40	0
60.1	0	101.41	103.81	40	0
60.2	0	109.1	104.34	40	0
60.3	0	100.41	103.94	40	0
60.4	0	106.0	104.15	40	0
60.5	0	99.27	103.66	40	0
60.6	0	109.1	104.21	40	0
60.7	0	101.27	103.91	40	0
60.8	0	102.72	103.79	40	0
60.9	0	88.17	102.23	40	0
61.0	0	98.15	101.82	40	0
61.1	0	102.86	101.93	40	0
61.2	0	99.27	101.66	40	0
61.3	0	91.01	100.6	40	0
61.4	0	99.27	100.46	40	0
61.5	0	95.0	99.92	40	0
61.6	0	103.01	100.23	40	0
61.7	0	107.84	100.99	40	0
61.8	0	101.12	101.0	40	0
61.9	0	99.13	100.81	40	0
62.0	0	103.89	101.12	40	0
62.1	0	104.34	101.44	40	0
62.2	0	99.41	101.24	40	0
62.3	0	83.35	99.45	40	0
62.4	0	105.39	100.05	40	0
62.5	0	100.55	100.1	40	0
62.6	0	101.41	100.23	40	0
62.7	0	115.22	101.73	40	0
62.8	0	102.72	101.83	40	0
62.9	0	95.27	101.17	40	0
63.0	0	106.3	101.68	40	0
63.1	0	104.34	101.95	40	0
63.2	0	95.54	101.31	40	0
63.3	0	97.18	100.9	40	0
63.4	0	104.49	101.25	40	0
63.5	0	101.55	101.28	40	0
63.6	0	104.49	101.6	40	0
63.7	0	101.7	101.61	40	0
63.8	0	99.98	101.45	40	0
63.9	0	104.04	101.71	40	0
64.0	0	103.16	101.85	40	0
64.1	0	100.26	101.7	40	0
64.2	0	103.3	101.86	40	0
64.3	0	104.49	102.12	40	0
64.4	0	109.1	102.82	40	0
64.5	0	107.69	103.3	40	0
64.6	0	104.19	103.39	40	0
64.7	0	106.91	103.75	40	0
64.8	0	100.41	103.41	40	0
64.9	0	106.91	103.76	40	0
65.0	0	104.19	103.8	40	0
65.1	0	106.61	104.08	40	0
65.2	0	102.42	103.92	40	0
65.3	0	102.57	103.78	40	0
65.4	0	111.85	104.59	40	0
65.5	0	104.49	104.58	40	0
65.6	0	99.27	104.05	40	0
65.7	0	100.84	103.73	40	0
65.8	0	113.18	104.67	40	0
65.9	0	100.69	104.27	40	0
66.0	0	99.55	103.8	40	0
66.1	0	113.35	104.76	40	0
66.2	0	102.42	104.52	40	0
66.3	0	104.79	104.55	40	0
66.4	0	96.63	103.76	40	0
66.5	0	101.27	103.51	40	0
66.6	0	97.74	102.93	40	0
66.7	0	101.99	102.84	40	0
66.8	0	106.61	103.21	40	0
66.9	0	101.12	103.0	40	0
67.0	0	95.95	102.3	40	0
67.1	0	98.15	101.89	40	0
67.2	0	93.53	101.05	40	0
67.3	0	103.89	101.33	40	0
67.4	0	101.27	101.33	40	0
67.5	0	86.76	99.87	40	0
67.6	0	104.49	100.33	40	0
67.7	0	103.74	100.67	40	0
67.8	0	103.74	100.98	40	0
67.9	0	106.0	101.48	40	0
68.0	0	92.86	100.62	40	0
68.1	0	97.05	100.26	40	0
68.2	0	103.3	100.57	40	0
68.3	0	92.46	99.76	40	0
68.4	0	106.45	100.43	40	0
68.5	0	102.57	100.64	40	0
68.6	0	103.6	100.94	40	0
68.7	0	89.71	99.81	40	0
68.8	0	104.64	100.3	40	0
68.9	0	104.79	100.75	40	0
69.0	0	99.55	100.63	40	0
69.1	0	91.01	99.66	40	0
69.2	0	101.84	99.88	40	0
69.3	0	100.55	99.95	40	0
69.4	0	108.0	100.75	40	0
69.5	0	101.27	100.81	40	0
69.6	0	101.55	100.88	40	0
69.7	0	100.69	100.86	40	0
69.8	0	101.27	100.9	40	0
69.9	0	99.13	100.72	40	0
70.0	0	82.72	98.92	40	0
70.1	0	108.78	99.91	40	0
70.2	0	102.72	100.19	40	0
70.3	0	110.87	101.26	40	0
70.4	0	93.26	100.46	40	0
70.5	0	101.99	100.61	40	0
70.6	0	82.1	98.76	40	0
70.7	0	100.12	98.9	40	0
70.8	0	106.61	99.67	40	0
70.9	0	103.16	100.02	40	0
71.0	0	103.89	100.4	40	0
71.1	0	115.92	101.96	40	0
71.2	0	102.28	101.99	40	0
71.3	0	104.49	102.24	40	0
71.4	0	97.74	101.79	40	0
71.5	0	108.94	102.5	40	0
71.6	0	101.55	102.41	40	0
71.7	0	111.52	103.32	40	0
71.8	0	104.19	103.41	40	0
71.9	0	110.87	104.15	40	0
72.0	0	101.41	103.88	40	0
72.1	0	113.85	104.87	40	0
72.2	0	88.94	103.28	40	0
72.3	0	100.41	102.99	40	0
72.4	0	93.39	102.03	40	0
72.5	0	104.94	102.32	40	0
72.6	0	103.74	102.47	40	0
72.7	0	99.27	102.15	40	0
72.8	0	89.19	100.85	40	0
72.9	0	105.39	101.31	40	0
73.0	0	103.89	101.56	40	0
73.1	0	98.57	101.26	40	0
73.2	0	88.42	99.98	40	0
73.3	0	102.28	100.21	40	0
73.4	0	102.86	100.48	40	0
73.5	0	102.28	100.66	40	0
73.6	0	106.0	101.19	40	0
73.7	0	98.99	100.97	40	0
73.8	0	92.86	100.16	40	0
73.9	0	105.24	100.67	40	0
74.0	0	105.54	101.15	40	0
74.1	0	98.57	100.9	40	0
74.2	0	123.93	103.2	40	0
74.3	0	103.16	103.19	40	0
74.4	0	102.13	103.09	40	0
74.5	0	101.12	102.89	40	0
74.6	0	99.98	102.6	40	0
74.7	0	96.36	101.98	40	0
74.8	0	101.12	101.89	40	0
74.9	0	102.28	101.93	40	0
75.0	0	108.31	102.57	40	0
75.1	0	100.55	102.37	40	0
75.2	0	114.02	103.53	40	0
75.3	0	100.69	103.25	40	0
75.4	0	104.34	103.36	40	0
75.5	0	103.74	103.4	40	0
75.6	0	98.43	102.9	40	0
75.7	0	102.42	102.85	40	0
75.8	0	101.84	102.75	40	0
75.9	0	101.55	102.63	40	0
76.0	0	95.54	101.92	40	0
76.1	0	103.74	102.1	40	0
76.2	0	99.13	101.81	40	0
76.3	0	102.28	101.85	40	0
76.4	0	107.22	102.39	40	0
76.5	0	108.47	103.0	40	0
76.6	0	103.01	103.0	40	0
76.7	0	102.13	102.91	40	0
76.8	0	98.71	102.49	40	0
76.9	0	101.27	102.37	40	0
77.0	0	99.98	102.13	40	0
77.1	0	95.0	101.42	40	0
77.2	0	106.0	101.88	40	0
77.3	0	87.01	100.39	40	0
77.4	0	101.99	100.55	40	0
77.5	0	105.84	101.08	40	0
77.6	0	105.54	101.52	40	0
77.7	0	113.35	102.71	40	0
77.8	0	106.61	103.1	40	0
77.9	0	109.9	103.78	40	0
78.0	0	106.3	104.03	40	0
78.1	0	86.63	102.29	40	0
78.2	0	101.84	102.24	40	0
78.3	0	112.84	103.3	40	0
78.4	0	116.27	104.6	40	0
78.5	0	104.64	104.6	40	0
78.6	0	104.49	104.59	40	0
78.7	0	112.01	105.33	40	0
78.8	0	103.89	105.19	40	0
78.9	0	102.72	104.94	40	0
79.0	0	104.79	104.93	40	0
79.1	0	96.63	104.1	40	0
79.2	0	104.94	104.18	40	0
79.3	0	108.0	104.56	40	0
79.4	0	104.34	104.54	40	0
79.5	0	99.27	104.01	40	0
79.6	0	108.0	104.41	40	0
79.7	0	105.24	104.5	40	0
79.8	0	93.26	103.37	40	0
79.9	0	93.66	102.4	40	0
80.0	0	105.39	102.7	40	0
80.1	0	91.8	101.61	40	0
80.2	0	106.0	102.05	40	0
80.3	0	100.69	101.91	40	0
80.4	0	100.55	101.78	40	0
80.5	0	108.31	102.43	40	0
80.6	0	100.55	102.24	40	0
80.7	0	99.41	101.96	40	0
80.8	0	95.0	101.26	40	0
80.9	0	106.45	101.78	40	0
81.0	0	101.84	101.79	40	0
81.1	0	103.01	101.91	40	0
81.2	0	106.15	102.33	40	0
81.3	0	98.43	101.94	40	0
81.4	0	98.43	101.59	40	0
81.5	0	98.15	101.25	40	0
81.6	0	96.09	100.73	40	0
81.7	0	114.19	102.08	40	0
81.8	0	88.04	100.67	40	0
81.9	0	105.09	101.12	40	0
82.0	0	109.58	101.96	40	0
82.1	0	105.69	102.34	40	0
82.2	0	97.74	101.88	40	0
82.3	0	108.94	102.58	40	0
82.4	0	104.79	102.8	40	0
82.5	0	97.6	102.28	40	0
82.6	0	100.12	102.07	40	0
82.7	0	108.47	102.71	40	0
82.8	0	103.6	102.8	40	0
82.9	0	102.42	102.76	40	0
83.0	0	98.71	102.35	40	0
83.1	0	94.6	101.58	40	0
83.2	0	100.41	101.46	40	0
83.3	0	102.72	101.59	40	0
83.4	0	100.98	101.53	40	0
83.5	0	106.3	102.0	40	0
83.6	0	106.3	102.43	40	0
83.7	0	103.01	102.49	40	0
83.8	0	102.86	102.53	40	0
83.9	0	95.14	101.79	40	0
84.0	0	115.74	103.18	40	0
84.1	0	104.64	103.33	40	0
84.2	0	101.84	103.18	40	0
84.3	0	98.57	102.72	40	0
84.4	0	88.94	101.34	40	0
84.5	0	108.16	102.02	40	0
84.6	0	99.27	101.75	40	0
84.7	0	88.81	100.45	40	0
84.8	0	99.13	100.32	40	0
84.9	0	98.57	100.15	40	0
85.0	0	105.54	100.69	40	0
85.1	0	113.85	102.0	40	0
85.2	0	85.11	100.31	40	0
85.3	0	91.41	99.42	40	0
85.4	0	100.98	99.58	40	0
85.5	0	98.71	99.49	40	0
85.6	0	107.38	100.28	40	0
85.7	0	105.84	100.84	40	0
85.8	0	97.32	100.49	40	0
85.9	0	107.69	101.21	40	0
86.0	0	91.93	100.28	40	0
86.1	0	114.88	101.74	40	0
86.2	0	113.18	102.88	40	0
86.3	0	105.84	103.18	40	0
86.4	0	92.99	102.16	40	0
86.5	0	111.85	103.13	40	0
86.6	0	100.41	102.86	40	0
86.7	0	98.29	102.4	40	0
86.8	0	98.57	102.02	40	0
86.9	0	101.41	101.96	40	0
87.0	0	103.01	102.06	40	0
87.1	0	101.99	102.05	40	0
87.2	0	99.41	101.79	40	0
87.3	0	98.43	101.45	40	0
87.4	0	85.74	99.88	40	0
87.5	0	103.74	100.27	40	0
87.6	0	101.84	100.43	40	0
